#BeginSection(font)
	#BeginSubSection(base)
		"IST" => {  /*h*/ 5,  0.5,  0,  0.5,  2,  2,  0,  "", /**/ "",  "",  "",  "",  0,  0,  0,  0, /**/ 0,  0,  0,  0,  0,  0,  0,  0, /*d*/ 0.5,  9.5,  0.5,  1,  1,  0,  0,  0.5, /**/ 1,  10,  0.5,  0,  1,  0,  0,  0.5, /**/ 0.5,  10.5,  0.5,  0,  1.5,  0,  0,  0.5, /**/ 0,  10,  0.5,  0,  2.5,  0,  0,  0.5, /**/ 0.5,  9.5,  0.5,  0,  3,  0,  1,  0.5 }
		"WAS" => {  /*h*/ 5,  0.5,  0,  0.5,  2,  1,  0,  "", /**/ "",  "",  "",  "",  1,  0,  0,  0, /**/ 0,  0,  0,  0,  0,  0,  0,  0, /*d*/ 1.5,  8.5,  0.5,  1,  1,  0,  0,  0.5, /**/ 2.25,  9.25,  0.5,  2,  1.5,  0,  0,  0.5, /**/ 5,  10,  0.5,  98,  1.5,  0,  0,  0.5, /**/ 2.25,  9.25,  0.5,  2,  1.5,  0,  0,  0.5, /**/ 1.5,  8.5,  0.5,  0,  2.5,  0,  0,  0.5, /**/ 0,  6,  0.5,  0,  3,  0,  0,  0.5, /**/ 0.5,  2,  0.5,  0,  3,  0,  0,  0.5, /**/ 2.5,  0,  0.5,  0,  1.5,  0,  2,  0.5, /**/ 4.5,  2,  0.5,  0,  1,  0,  1,  0.5 }
		"AUCH" => {  /*h*/ 5,  1,  -1,  0.5,  0.5,  0.5,  0,  "", /**/ "",  "",  "",  "",  1,  1,  1,  0, /**/ 0,  0,  0,  0,  0,  0,  0,  0, /*d*/ 0,  8.5,  0.5,  1,  1.3,  0,  0,  0.5, /**/ 2.5,  10,  0.7,  2,  2.5,  0,  0,  0.8, /**/ 5,  7,  0.8,  0,  3,  0,  0,  0.5, /**/ 5,  -8,  0.5,  0,  2.5,  0,  0,  0.5, /**/ 3,  -10,  0.5,  0,  2,  0,  0,  0.5, /**/ 1.5,  -9,  0.5,  0,  1.5,  0,  99,  0.5, /**/ 0,  -7,  0.5,  0,  1,  0,  2,  0.5, /**/ 5,  0,  0.5,  0,  1,  0,  1,  0.5 }
		"TIG" => {  /*h*/ 7.5,  0.5,  0,  0.5,  2,  2,  0,  "", /**/ "",  "",  "",  "",  0,  0,  1,  0, /**/ 0,  0,  0,  0,  0,  0,  0,  0, /*d*/ 5,  18.75,  0.5,  1,  1.5,  0,  0,  0, /**/ 6,  20,  0.5,  2,  2.5,  0,  0,  0.5, /**/ 7.5,  18,  0.5,  0,  3,  0,  0,  0, /**/ 7.5,  10,  0,  0,  1,  0,  1,  0, /**/ 7.5,  12.5,  0,  4,  1,  0,  0,  0 }
		"NICHT" => {  /*h*/ 15,  0.5,  0,  0.5,  0,  0,  0,  "", /**/ "",  "",  "",  "",  0,  0.5,  0,  0, /**/ 0,  0,  0,  0,  0,  0,  0,  0, /*d*/ 0,  0,  0.5,  1,  1.5,  0,  0,  0.5, /**/ 3,  4,  0.5,  0,  1,  0,  0,  0.5, /**/ 5,  5,  0.5,  1,  1.5,  0,  0,  0.5, /**/ 6.5,  5,  0.5,  2.5,  2,  0,  0,  0.5, /**/ 7.75,  4,  0.5,  0,  3,  0,  0,  0.5, /**/ 11,  1,  0.5,  0,  2.5,  0,  0,  0.5, /**/ 12.5,  0,  0.5,  0,  1.5,  0,  0,  0.5, /**/ 14,  1,  0.5,  0,  1,  0,  1,  0.5 }
		"ALL" => {  /*h*/ 3,  0.5,  0,  0.5,  0.75,  0.75,  0,  "", /**/ "",  "",  "",  "",  1,  0,  0,  0, /**/ 0,  0,  0,  0,  0,  0,  0,  0, /*d*/ 0,  5,  0.5,  1,  1.5,  0,  0,  0.5, /**/ 2,  8.5,  0.5,  2,  2,  0,  0,  0.5, /**/ 1.1,  10,  0.5,  0,  2.5,  0,  0,  0.5, /**/ 0,  7,  0.5,  0,  3,  0,  0,  0.5, /**/ 0,  2,  0.5,  0,  2.5,  0,  0,  0, /**/ 2,  0,  0.5,  0,  1.5,  0,  2,  0.5, /**/ 3,  2,  0.5,  0,  1,  0,  1,  0.5 }
		"WERD" => {  /*h*/ 1.25,  0.5,  0,  0.5,  0,  2,  0,  "", /**/ "",  "",  "",  "",  0,  0.5,  0,  0, /**/ 0,  0,  0,  0,  0,  0,  0,  0, /*d*/ 0,  5,  0,  1,  3,  0,  0,  0, /**/ 0,  1,  0.5,  0,  2.5,  0,  0,  0.5, /**/ 1.25,  0,  0.5,  0,  1.2,  0,  1,  0.5 }
		"IN" => {  /*h*/ 5,  0.5,  0,  0.5,  0,  0,  0,  "", /**/ "",  "",  "",  "",  0,  0,  0,  0, /**/ 0,  0,  0,  0,  0,  0,  0,  0, /*d*/ 0,  3,  0,  1,  1,  0,  0,  0, /**/ 3,  4,  0,  0,  1,  0,  0,  0, /**/ 2,  0,  0,  0,  0,  0,  0,  0, /**/ 5,  1,  0,  0,  1,  0,  1,  0 }
		"SEIN" => {  /*h*/ 20,  0.5,  0,  0.5,  0,  0,  0,  "", /**/ "",  "",  "",  "",  0,  0.5,  0,  0, /**/ 0,  0,  0,  0,  0,  0,  0,  0, /*d*/ 0,  0,  0,  1,  1,  0,  0,  0.5, /**/ 3,  3,  0.5,  0,  1,  0,  0,  0.5, /**/ 10,  5,  0.5,  0,  0,  0,  0,  0.5, /**/ 17,  3,  0.5,  0,  1,  0,  0,  0.5, /**/ 19,  1,  0.5,  0,  1,  0,  0,  0.5, /**/ 20,  0,  0.5,  0,  1,  0,  1,  0 }
		"GEGEN" => {  /*h*/ 3,  0.5,  0,  0.5,  3,  5,  0,  "", /**/ "",  "",  "",  "",  0,  0,  0,  0, /**/ 0,  0,  0,  0,  0,  0,  0,  0, /*d*/ -1,  8.75,  0.5,  1,  1,  0,  0,  0, /**/ 1,  10,  0.5,  2,  1,  0,  0,  0.5, /**/ 2.5,  8,  0.5,  0,  1,  0,  0,  0, /**/ 0,  6,  0,  0,  1,  0,  0,  0.5, /**/ 2.5,  5,  0.5,  0,  1,  0,  0,  0, /**/ 1,  0,  0,  0,  1,  0,  1,  0 }
		"HAB" => {  /*h*/ 4,  0.5,  0,  0,  1.5,  1.5,  0,  "", /**/ "",  "",  "",  "",  1,  0,  0,  0, /**/ 0,  0,  0,  0,  0,  0,  0,  0, /*d*/ 0,  10,  0,  1,  3,  0,  0,  0.5, /**/ 0,  2,  0.5,  0,  2.5,  0,  0,  0.5, /**/ 2.5,  0,  0.5,  0,  1.5,  0,  2,  0.5, /**/ 4,  1,  0.5,  0,  1,  0,  1,  0 }
		"HAT" => {  /*h*/ 4.5,  0.5,  0,  0.5,  1,  1,  0,  "", /**/ "",  "",  "",  "",  1,  0,  0,  0, /**/ 0,  0,  0,  0,  0,  0,  0,  0, /*d*/ 0,  8.75,  0.5,  1,  1.5,  0,  0.5,  0, /**/ 1,  10,  0.5,  2,  2.5,  0,  0,  0.5, /**/ 2.5,  8,  0.5,  0,  3,  0,  0,  0.5, /**/ 2.5,  2,  0.5,  0,  3,  0,  0,  0.5, /**/ 1,  0,  0.5,  0,  2.5,  0,  0,  0.5, /**/ 0,  1.5,  0.5,  0,  1.5,  0,  2,  0.5 }
		"DA" => {  /*h*/ 0,  0.5,  0,  0,  0,  2.25,  0,  "", /**/ "",  "",  "",  "",  1,  0,  0,  0, /**/ 0,  0,  0,  0,  0,  0,  0,  0, /*d*/ 0,  10,  0,  1,  3,  0,  0,  0, /**/ 0,  0,  0,  0,  1,  0,  1,  0, /**/ 0,  2.5,  0,  4,  1,  0,  0,  0.5 }
		"SIND" => {  /*h*/ 2.5,  0.5,  0,  0.5,  1,  2.5,  0,  "", /**/ "",  "",  "",  "",  0,  0,  0,  0, /**/ 0,  0,  0,  0,  0,  0,  0,  0, /*d*/ 0,  5,  0.5,  1,  1.5,  0,  0,  0.5, /**/ 2.5,  8.25,  0.5,  2,  2,  0,  0,  0.5, /**/ 1.1,  10,  0.5,  0,  2.5,  0,  0,  0.5, /**/ 0,  7,  0.5,  0,  3,  0,  0,  0.5, /**/ 0,  0,  0,  0,  1,  0,  0,  0 }
		"VOR" => {  /*h*/ 5,  0.5,  0,  0,  2,  2,  0,  "", /**/ "",  "",  "",  "",  0,  0,  0,  2.5, /**/ 5,  0,  0,  0,  0,  0,  0,  0, /*d*/ 0,  10,  0,  1,  1,  0,  0,  0.5, /**/ 0,  6.5,  0.5,  0,  1,  0,  0,  0.5, /**/ 1.25,  5.75,  0.5,  0,  1,  0,  0,  0.5, /**/ 2.5,  5,  0.5,  1,  3,  0,  0,  0.5, /**/ 5,  2.5,  0.7,  0,  3,  0,  0,  0.7, /**/ 2.5,  0,  0.7,  0,  1,  0,  0,  0.5, /**/ 0,  2.5,  0.7,  0,  1,  0,  0,  0.5, /**/ 2.5,  5,  0.5,  0,  1,  0,  1,  0 }
		"VOR+AR" => {  /*h*/ 5,  0.5,  0,  0,  2,  2,  0,  "", /**/ "",  "",  "",  "",  0,  0,  0.5,  2.5, /**/ 5,  0,  0,  0,  0,  0,  0,  0, /*d*/ 0,  10,  0,  1,  1,  0,  0,  0.5, /**/ 0,  6.5,  0.5,  0,  1,  0,  0,  0.5, /**/ 1.25,  5.75,  0.5,  0,  1,  0,  0,  0.5, /**/ 3.5,  5,  0.5,  1,  3,  0,  0,  0.5, /**/ 8,  2.5,  0.7,  0,  3,  0,  0,  0.7, /**/ 5.5,  0,  0.7,  0,  1,  0,  0,  0.5, /**/ 3,  2.5,  0.7,  0,  1,  0,  0,  0.5, /**/ 5.5,  5,  0.5,  0,  1,  0,  0,  0, /**/ 8,  7.5,  0.5,  0,  1,  0,  0,  0, /**/ 5.5,  10,  0.5,  0,  1,  0,  0,  0, /**/ 3,  7.5,  0.5,  0,  1,  0,  0,  0, /**/ 5.5,  5,  0.5,  0,  1,  0,  1,  0 }
		"ANT" => {  /*h*/ 25,  0.5,  0,  0.5,  0,  0,  0,  "", /**/ "",  "",  "",  "",  0,  0,  0,  0, /**/ 0,  0,  0,  0,  0,  0,  0,  0, /*d*/ 4,  4.5,  0.5,  1,  1.5,  0,  0,  0.5, /**/ 8,  5,  0.5,  2,  2,  0,  0,  0.5, /**/ 11,  4,  0.5,  0,  3,  0,  0,  0.5, /**/ 18,  1,  0.5,  0,  2.5,  0,  0,  0.5, /**/ 22,  0,  0.5,  0,  1.5,  0,  2,  0.5, /**/ 25,  0,  0.5,  0,  1,  0,  1,  0.5 }
		"RÜCK" => {  /*h*/ 8,  0.5,  0,  0.5,  2,  2,  0,  "", /**/ "",  "",  "",  "",  1,  0,  0,  0, /**/ 0,  0,  0,  0,  0,  0,  0,  0, /*d*/ 2.5,  0,  0.5,  1,  1,  0,  0,  0.7, /**/ 5,  2.5,  0.7,  0,  1,  0,  0,  0.7, /**/ 2.5,  5,  0.7,  0,  3,  0,  0,  0.5, /**/ 0,  2.5,  0.7,  0,  3,  0,  0,  0.5, /**/ 2.5,  0,  0.5,  0,  1,  0,  1,  0 }
		"UR" => {  /*h*/ 5,  0.5,  0,  0,  0,  1,  0,  "", /**/ "",  "",  "",  "",  1,  0,  0,  2.5, /**/ 5,  0,  0,  0,  0,  0,  0,  0, /*d*/ -2,  10,  0,  1,  3,  0,  0,  0.5, /**/ 3,  5,  0.5,  0,  1,  0,  0,  0.7, /**/ 5,  2.5,  0.7,  0,  1,  0,  0,  0.7, /**/ 2.5,  0,  0.7,  0,  1,  0,  0,  0.5, /**/ 0,  2.5,  0.7,  0,  1,  0,  0,  0.5, /**/ 2.5,  5,  0.5,  0,  1,  0,  1,  0 }
		"ANTI" => {  /*h*/ 25,  0.5,  0,  0.5,  0,  0,  0,  "", /**/ "",  "",  "",  "",  0,  0,  0,  0, /**/ 0,  0,  0,  0,  0,  0,  0,  0, /*d*/ 4,  4.5,  0.5,  1,  1.5,  0,  0,  0.5, /**/ 8,  5,  0.5,  2.5,  2,  0,  0,  0.5, /**/ 11,  4,  0.5,  0,  3,  0,  0,  0.5, /**/ 18,  1,  0.5,  0,  2.5,  0,  0,  0.5, /**/ 22,  0,  0.5,  0,  1.5,  0,  0,  0.5, /**/ 22.5,  1,  0.5,  0,  1,  0,  0,  0.5, /**/ 23.5,  2,  0.5,  0,  1,  0,  0,  0.5, /**/ 24.5,  1,  0.5,  0,  1,  0,  0,  0.5, /**/ 23.5,  0,  0.5,  0,  1,  0,  0,  0.5, /**/ 22.5,  1,  0.5,  0,  1,  0,  1,  0.5 }
		"ZURÜCK" => {  /*h*/ 5,  0.5,  0,  0.5,  2,  1,  0,  "", /**/ "",  "",  "",  "",  1,  0,  0,  0, /**/ 0,  0,  0,  0,  0,  0,  0,  0, /*d*/ -2,  -4,  0.5,  1,  1,  0,  0,  0.5, /**/ 1.5,  -3,  0.5,  0,  1,  0,  0,  0.5, /**/ 4,  0,  0.5,  0,  1,  0,  0,  0.5, /**/ 5,  2.5,  0.7,  0,  1,  0,  0,  0.7, /**/ 2.5,  5,  0.7,  0,  3,  0,  0,  0.5, /**/ 0,  2.5,  0.7,  0,  3,  0,  0,  0.5, /**/ 2.5,  0,  0.5,  0,  1,  0,  0,  0, /**/ 3.5,  0,  0.5,  1,  1,  0,  1,  0.7 }
		"INTER" => {  /*h*/ 5,  0.5,  0,  0.5,  2,  1,  0,  "", /**/ "",  "",  "",  "",  0,  0,  0,  0, /**/ 0,  0,  0,  0,  0,  0,  0,  0, /*d*/ -2,  -4,  0.5,  1,  1,  0,  0,  0.5, /**/ 1.5,  -3,  0.5,  0,  1,  0,  0,  0.5, /**/ 4,  0,  0.5,  0,  1,  0,  0,  0.5, /**/ 5,  2.5,  0.7,  0,  1,  0,  0,  0.7, /**/ 2.5,  5,  0.7,  0,  3,  0,  0,  0.5, /**/ 0,  2.5,  0.7,  0,  3,  0,  0,  0.5, /**/ 2.5,  0,  0.5,  0,  1,  0,  0,  0, /**/ 3.5,  0,  0.5,  1,  1,  0,  1,  0.7 }
		"ION" => {  /*h*/ 25,  0.5,  0,  0.5,  0,  0,  0,  "", /**/ "",  "",  "",  "",  0,  0.5,  0,  0, /**/ 0,  0,  0,  0,  0,  0,  0,  0, /*d*/ 4,  4.5,  0.5,  1,  1.5,  0,  0,  0.5, /**/ 8,  5,  0.5,  2.5,  2,  0,  0,  0.5, /**/ 11,  4,  0.5,  0,  3,  0,  0,  0.5, /**/ 18,  1,  0.5,  0,  2.5,  0,  0,  0.5, /**/ 22,  0,  0.5,  0,  1.5,  0,  2,  0.5, /**/ 25,  0,  0.5,  0,  1,  0,  1,  0.5 }
		"HAFT" => {  /*h*/ 4,  0.5,  0,  0,  4,  1,  0,  "", /**/ "",  "",  "",  "",  1,  0,  0,  0, /**/ 0,  0,  0,  0,  0,  0,  0,  0, /*d*/ 0,  10,  0.5,  1,  1.5,  0,  0,  0.5, /**/ 3,  17,  0.5,  2,  2,  0,  0,  0.5, /**/ 1.8,  20,  0.5,  0,  2.5,  0,  0,  0.5, /**/ 0,  18,  0.5,  0,  3,  0,  0,  0.5, /**/ 0,  2,  0.5,  0,  3,  0,  0,  0.5, /**/ 2,  0,  0.5,  4,  1.5,  0,  0,  0.5, /**/ 2,  0,  0.5,  0,  1.5,  0,  2,  0.5, /**/ 4,  2,  0.5,  0,  1,  0,  1,  0.5 }
		"SCHAFT" => {  /*h*/ 20,  0.5,  0,  0.5,  2,  2,  0,  "", /**/ "",  "",  "",  "",  0,  0,  0,  0, /**/ 0,  0,  0,  0,  0,  0,  0,  0, /*d*/ 0,  5,  0,  1,  1.5,  0,  0,  0.5, /**/ 0.75,  3,  0.5,  0,  3,  0,  0,  0.5, /**/ 19.25,  2.5,  0.5,  0,  1.5,  0,  0,  0.5, /**/ 20,  0,  0.5,  0,  1,  0,  1,  0 }
		"TALL" => {  /*h*/ 3,  0.5,  0,  0.5,  0.75,  0.75,  0,  "", /**/ "",  "",  "",  "",  1,  0,  1,  0, /**/ 0,  0,  0,  0,  0,  0,  0,  0, /*d*/ 5,  15,  0.5,  1,  1.5,  0,  0,  0.5, /**/ 7,  18.5,  0.5,  2,  2,  0,  0,  0.5, /**/ 6.1,  20,  0.5,  0,  2.5,  0,  0,  0.5, /**/ 5,  17,  0.5,  0,  3,  0,  0,  0.5, /**/ 5,  12,  0.5,  0,  2.5,  0,  0,  0, /**/ 7,  10,  0.5,  0,  1.5,  0,  2,  0.5, /**/ 8,  12,  0.5,  0,  1,  0,  1,  0.5 }
		"TUNG" => {  /*h*/ 8,  0.5,  0,  0.5,  2,  1,  0,  "", /**/ "",  "",  "",  "",  1,  0,  1,  0, /**/ 1,  0,  0,  0,  0,  0,  0,  0, /*d*/ 7,  18,  0.5,  1,  1.3,  0,  0,  0.5, /**/ 8,  19.5,  0.5,  0,  1.3,  0,  0,  0.5, /**/ 9,  20,  0.5,  0,  2.5,  0,  0,  0.5, /**/ 8,  19.5,  0.5,  0,  3,  0,  0,  0.5, /**/ 7,  18,  0.5,  0,  3,  0,  0,  0.5, /**/ 7,  11.5,  0.5,  0,  2.5,  0,  0,  0.5, /**/ 6,  10,  0.5,  0,  1.5,  0,  99,  0.5, /**/ 5,  12,  0.5,  0,  1.5,  0,  2,  0.5, /**/ 7,  14,  0.5,  0,  1,  0,  1,  0.5 }
		"AUF" => {  /*h*/ 9,  0.5,  0,  0,  2,  2,  0,  "", /**/ "",  "",  "",  "",  1,  0,  0,  0, /**/ 0,  0,  0,  0,  0,  0,  0,  0, /*d*/ 0,  5,  0,  1,  3,  0,  0,  0.5, /**/ 2,  2,  0.5,  0,  2,  0,  0,  0.5, /**/ 5,  0,  0.5,  0,  1,  0,  0,  0.5, /**/ 7.5,  2,  0.5,  0,  1,  0,  2,  0.5, /**/ 9,  5,  0.5,  0,  1,  0,  1,  0.5 }
		"AUS" => {  /*h*/ 20,  0.5,  0,  0.5,  0,  0,  0,  "", /**/ "",  "",  "",  "",  1,  0,  0,  0, /**/ 0,  0,  0,  0,  0,  0,  0,  0, /*d*/ 0,  0,  0,  1,  1,  0,  0,  0.5, /**/ 3,  3,  0.5,  0,  1,  0,  0,  0.5, /**/ 10,  5,  0.5,  0,  1.5,  0,  0,  0.5, /**/ 17,  3,  0.5,  0,  2.5,  0,  0,  0.5, /**/ 19,  1,  0.5,  0,  3,  0,  0,  0.5, /**/ 20,  0,  0.5,  0,  1,  0,  1,  0 }
		"-AUS" => {  /*h*/ 20,  0.5,  0,  0.5,  0,  0,  0,  "", /**/ "",  "",  "",  "",  1,  0,  0,  0, /**/ 0,  0,  0,  0,  0,  0,  0,  0, /*d*/ 10,  5,  0.5,  1,  1.5,  0,  0,  0.5, /**/ 17,  3,  0.5,  0,  2.5,  0,  0,  0.5, /**/ 19,  1,  0.5,  0,  3,  0,  0,  0.5, /**/ 20,  0,  0.5,  0,  1,  0,  1,  0 }
		"BEI" => {  /*h*/ 18,  0.5,  0,  0,  2,  2,  0,  "", /**/ "",  "",  "",  "",  0,  0,  0,  0, /**/ 0,  0,  0,  0,  0,  0,  0,  0, /*d*/ 0,  5,  0,  1,  3,  0,  0,  0.5, /**/ 3,  2,  0.5,  0,  2,  0,  0,  0.5, /**/ 9,  0,  0.5,  0,  1,  0,  0,  0.5, /**/ 15,  2,  0.5,  0,  1,  0,  0,  0.5, /**/ 18,  5,  0.5,  0,  1,  0,  1,  0.5 }
		"DURCH" => {  /*h*/ 10,  0.5,  0,  0,  2,  2,  0,  "", /**/ "",  "",  "",  "",  0,  0,  0,  0, /**/ 0,  0,  0,  0,  0,  0,  0,  0, /*d*/ 3,  10,  0,  1,  1,  0,  0,  0.3, /**/ 1.5,  3.5,  0.3,  0,  1,  0,  0,  0, /**/ 8,  0,  0,  0,  1,  0,  1,  0 }
		"SICH" => {  /*h*/ 11.75,  0.5,  0,  0.5,  0,  0,  0,  "", /**/ "",  "",  "",  "",  0,  0,  0,  0, /**/ 0,  0,  0,  0,  0,  0,  0,  0, /*d*/ 0,  5,  0,  1,  1,  0,  0,  0.5, /**/ 2,  9.5,  0.5,  0,  1,  0,  0,  0.5, /**/ 3,  10,  0.5,  2.5,  1,  0,  0,  0.5, /**/ 5,  9.5,  0.5,  0,  1,  0,  0,  0, /**/ 8,  5,  0,  0,  1,  0,  1,  0 }
		"SOLCH" => {  /*h*/ 15,  1,  -1,  0.5,  0.5,  0.5,  0,  "", /**/ "",  "",  "",  "",  0,  0,  0,  0, /**/ 0,  0,  0,  0,  0,  0,  0,  0, /*d*/ 0,  0,  0,  1,  1,  0,  0,  0.5, /**/ 2.5,  4,  0.5,  0,  1,  0,  0,  0.5, /**/ 4,  5,  0.5,  0,  1,  0,  0,  0.5, /**/ 5.5,  4,  0,  0,  1,  0,  0,  0.5, /**/ 9,  0,  0.5,  0,  1,  0,  0,  0, /**/ 10,  3.5,  0,  1,  1.3,  0,  0,  0.5, /**/ 12.5,  5,  0.7,  2,  2.5,  0,  0,  0.8, /**/ 15,  2,  0.8,  0,  3,  0,  0,  0.5, /**/ 15,  -13,  0.5,  0,  2.5,  0,  0,  0.5, /**/ 13,  -15,  0.5,  0,  2,  0,  99,  0.5, /**/ 11.5,  -14,  0.5,  0,  1.5,  0,  0,  0.5, /**/ 10,  -12,  0.5,  0,  1,  0,  2,  0.5, /**/ 13,  -7,  0.5,  0,  1,  0,  1,  0.5, /**/ 15,  -2.5,  0,  4,  1,  0,  0,  0.5 }
		"WIRD" => {  /*h*/ 5,  0.5,  0,  0.5,  2,  1,  0,  "", /**/ "",  "",  "",  "",  0,  0,  0,  0, /**/ 0,  0,  0,  0,  0,  0,  0,  0, /*d*/ 0,  0,  0.5,  1,  1,  0,  0,  0.5, /**/ 3.5,  2,  0.5,  0,  1,  0,  0,  0.5, /**/ 5,  5,  0.5,  0,  1,  0,  0,  0.5, /**/ 5,  7.5,  0.7,  0,  1,  0,  0,  0.7, /**/ 2.5,  10,  0.7,  0,  3,  0,  0,  0.5, /**/ 0,  7.5,  0.7,  0,  3,  0,  0,  0.5, /**/ 2.5,  5,  0.5,  0,  1,  0,  0,  0, /**/ 5,  5,  0.5,  1,  1,  0,  1,  0.7 }
		"SELB" => {  /*h*/ 8,  0.5,  0,  0.5,  0,  0,  0,  "", /**/ "",  "",  "",  "",  1,  0,  0,  0, /**/ 0,  1,  0,  0,  0,  0,  0,  0, /*d*/ 0.5,  0,  0.5,  1,  1.5,  0,  0,  0.5, /**/ 1,  0.5,  0.5,  0,  1.5,  0,  0,  0.5, /**/ 0.5,  1,  0.5,  0,  1.5,  0,  0,  0.5, /**/ 0,  0.5,  0.5,  0,  1.5,  0,  0,  0.5, /**/ 0.5,  0,  0.5,  0,  1,  0,  0,  0.5, /**/ 4,  0,  0.5,  0,  1,  0,  2,  0.5, /**/ 7,  2,  0.5,  0,  1,  0,  1,  0.5 }
		"WO" => {  /*h*/ 7,  0.5,  0,  0.5,  0.5,  0.5,  0,  "", /**/ "",  "",  "",  "",  0,  0,  0,  0, /**/ 0,  0,  0,  0,  0,  0,  0,  0, /*d*/ 1.5,  8.5,  0.5,  1,  1,  0,  0,  0.5, /**/ 2.25,  9.25,  0.5,  2,  1.5,  0,  0,  0.5, /**/ 5,  10,  0.5,  2,  1.5,  0,  0,  0.5, /**/ 2.25,  9.25,  0.5,  2,  1.5,  0,  0,  0.5, /**/ 1.5,  8.5,  0.5,  0,  2.5,  0,  0,  0.5, /**/ 0,  6,  0.5,  0,  3,  0,  0,  0.5, /**/ 1,  3.25,  0.5,  0,  3,  0,  0,  0.5, /**/ 2.5,  1.5,  0.5,  4,  1.5,  0,  0,  0.5, /**/ 6,  1.5,  0.5,  0,  1.5,  0,  0,  0.5, /**/ 6.5,  0,  0.5,  0,  1,  0,  1,  0 }
		"VILLEICHT" => {  /*h*/ 5,  0.5,  0,  0.5,  0.75,  0.75,  0,  "", /**/ "",  "",  "",  "",  0,  0,  0,  0, /**/ 0,  0,  0,  0,  0,  0,  0,  0, /*d*/ 0,  5,  0.5,  1,  1.5,  0,  0,  0.5, /**/ 2,  8.5,  0.5,  2,  2,  0,  0,  0.5, /**/ 1.1,  10,  0.5,  0,  2.5,  0,  0,  0.5, /**/ 0,  7,  0.5,  0,  3,  0,  0,  0.5, /**/ 0,  2,  0.5,  0,  2.5,  0,  0,  0, /**/ 2,  0,  0.5,  0,  1.5,  0,  0,  0.5, /**/ 5,  1,  0.5,  0,  1,  0,  0,  0.5, /**/ 7,  12,  0.5,  0,  1,  0,  0,  0.5, /**/ 5,  19,  0.5,  0,  1,  0,  0,  0.5, /**/ 2,  20,  0.5,  0,  1,  0,  0,  0.5, /**/ 0,  17,  0.5,  0,  1,  0,  1,  0.5 }
		"HEIT" => {  /*h*/ 18,  0,  1.5,  0.5,  0,  0,  0,  "", /**/ "",  "",  "",  "",  0,  0,  0,  0, /**/ 0,  0,  0,  0,  0,  0,  0,  0, /*d*/ 18,  20,  0,  1,  1,  0,  0,  0, /**/ 18,  20,  0,  0,  1,  0,  1,  0 }
		"FORT" => {  /*h*/ 8,  0.5,  0,  0,  1,  1,  0,  "", /**/ "",  "",  "",  "",  0,  0,  0,  0, /**/ 0,  0,  0,  0,  0,  0,  0,  0, /*d*/ 5,  10,  0.5,  1,  1.5,  0,  0,  0.5, /**/ 8,  17,  0.5,  2,  2,  0,  0,  0.5, /**/ 6.8,  20,  0.5,  0,  2.5,  0,  0,  0.5, /**/ 5,  18,  0.5,  0,  3,  0,  0,  0.5, /**/ 5,  0,  0.5,  0,  3,  0,  0,  0.5, /**/ 5,  -5,  0.5,  0,  2.5,  0,  0,  0.5, /**/ 4.25,  -9,  0.5,  0,  2.5,  0,  0,  0.5, /**/ 3,  -10,  0.5,  0,  2,  0,  0,  0.5, /**/ 1.5,  -9,  0.5,  0,  1.5,  0,  99,  0.5, /**/ 0,  -7,  0.5,  0,  1,  0,  0,  0.5, /**/ 5,  2.5,  0.5,  4,  1,  0,  0,  0.5, /**/ 5,  0,  0.5,  0,  1,  0,  1,  0.5 }
		"\" => {  /*h*/ 0,  0.5,  0,  0.5,  0,  0,  0,  "", /**/ "",  "",  "",  "",  0,  0,  0,  0, /**/ 0,  0,  1,  0,  0,  0,  1,  0, /*d*/ 0,  0,  0.5,  5,  1,  5,  0,  0, /**/ 0,  0,  0,  5,  1,  5,  1,  0 }
		"SCHM" => {  /*h*/ 6,  1,  -1,  0.5,  0,  0,  0,  "", /**/ "",  "",  "",  "",  0,  0,  0,  0, /**/ 0,  0,  0,  0,  0,  0,  0,  0, /*d*/ 2,  9,  0.5,  1,  1,  0,  0,  0.5, /**/ 4,  10,  0.5,  0,  1.5,  0,  0,  0.5, /**/ 6,  9,  0.5,  0,  2.5,  0,  0,  0.5, /**/ 5,  5,  0.5,  0,  3,  0,  0,  0.5, /**/ 3,  2.5,  0.5,  0,  3,  0,  0,  0.5, /**/ 3,  1.5,  0.5,  0,  3,  0,  0,  0.5, /**/ 5,  0.5,  0.5,  0,  3,  0,  0,  0, /**/ 5,  -8,  0.5,  0,  2.5,  0,  0,  0.5, /**/ 3,  -10,  0.5,  0,  2,  0,  0,  0.5, /**/ 1.5,  -9,  0.5,  0,  1.5,  0,  99,  0.5, /**/ 0,  -7,  0.5,  0,  1,  0,  0,  0.5, /**/ 5,  0,  0.5,  0,  1,  0,  1,  0.5 }
		"SCHW" => {  /*h*/ 7,  1,  -1,  0.5,  0,  0,  0,  "", /**/ "",  "",  "",  "",  0,  0,  0,  0, /**/ 0,  0,  0,  0,  0,  0,  0,  0, /*d*/ 5,  17,  0.5,  1,  1,  0,  0,  0.5, /**/ 7,  19,  0.5,  0,  1,  0,  0,  0.5, /**/ 9,  20,  0.5,  98,  1.5,  0,  0,  0.5, /**/ 7,  19,  0.5,  0,  2.5,  0,  0,  0.5, /**/ 5,  17,  0.5,  0,  3,  0,  0,  0.5, /**/ 5,  -8,  0.5,  0,  2.5,  0,  0,  0.5, /**/ 3,  -10,  0.5,  0,  2,  0,  0,  0.5, /**/ 1.5,  -9,  0.5,  0,  1.5,  0,  99,  0.5, /**/ 0,  -7,  0.5,  0,  1,  0,  0,  0.5, /**/ 5,  0,  0.5,  0,  1,  0,  1,  0.5 }
		"MPF" => {  /*h*/ 6,  0.5,  0,  0.5,  0.5,  0.5,  0,  "", /**/ "",  "",  "",  "",  0,  0,  0,  0, /**/ 0,  0,  0,  0,  0,  0,  0,  0, /*d*/ 0,  9,  0.5,  1,  1.5,  0,  0,  0, /**/ 1.5,  10,  0.5,  2,  2.5,  0,  0,  0.5, /**/ 3,  8,  0.5,  0,  3,  0,  0,  0.5, /**/ 3,  2,  0.5,  0,  2.5,  0,  0,  0, /**/ 4.5,  0,  0.5,  0,  1.5,  0,  0,  0.5, /**/ 5.75,  2,  0.5,  0,  1,  0,  0,  0.5, /**/ 4.5,  3.5,  0.5,  0,  1,  0,  0,  0.5, /**/ 1.5,  3.1,  0.5,  0,  1,  0,  0,  0.8, /**/ 0.75,  2.6,  0.8,  0,  1,  0,  0,  0.5, /**/ 1.5,  2,  0.5,  0,  1,  0,  0,  0.5, /**/ 4.5,  2,  0.5,  0,  1,  0,  2,  0.5, /**/ 5.75,  2,  0.5,  0,  1,  0,  1,  0.5 }
		"SCH" => {  /*h*/ 9,  1,  -1,  0.5,  0,  0,  0,  "", /**/ "",  "",  "",  "",  0,  0,  0,  0, /**/ 0,  0,  0,  0,  0,  0,  0,  0, /*d*/ 5,  7,  0.5,  1,  1,  0,  0,  0.5, /**/ 7,  9,  0.5,  0,  1,  0,  0,  0.5, /**/ 9,  10,  0.5,  98,  1.5,  0,  0,  0.5, /**/ 7,  9,  0.5,  0,  2.5,  0,  0,  0.5, /**/ 5,  7,  0.5,  0,  3,  0,  0,  0.5, /**/ 5,  -8,  0.5,  0,  2.5,  0,  0,  0.5, /**/ 3,  -10,  0.5,  0,  2,  0,  0,  0.5, /**/ 1.5,  -9,  0.5,  0,  1.5,  0,  99,  0.5, /**/ 0,  -7,  0.5,  0,  1,  0,  0,  0.5, /**/ 5,  0,  0.5,  0,  1,  0,  1,  0.5, /**/ 5,  2.5,  0,  4,  1,  0,  0,  0.5 }
		"^SCH" => {  /*h*/ 9,  1,  -1,  0.5,  0,  0,  0,  "", /**/ "",  "",  "",  "",  0,  0,  0,  0.1, /**/ 3,  0,  0,  0,  0,  0,  0,  0, /*d*/ 5,  7,  0.5,  1,  1,  0,  0,  0.5, /**/ 7,  9,  0.5,  0,  1,  0,  0,  0.5, /**/ 9,  10,  0.5,  0,  1.5,  0,  0,  0.5, /**/ 7,  9,  0.5,  0,  2.5,  0,  0,  0.5, /**/ 5,  7,  0.5,  0,  3,  0,  0,  0.5, /**/ 5,  -8,  0.5,  0,  2.5,  0,  0,  0.5, /**/ 3,  -10,  0.5,  0,  2,  0,  0,  0.5, /**/ 1.5,  -9,  0.5,  0,  1.5,  0,  99,  0.5, /**/ 0,  -7,  0.5,  0,  1,  0,  2,  0.5, /**/ 5,  0,  0.5,  0,  1,  0,  1,  0.5, /**/ 5,  2.5,  0,  4,  1,  0,  0,  0.5 }
		"^SCHM" => {  /*h*/ 6,  1,  -1,  0.5,  0,  0,  0,  "", /**/ "",  "",  "",  "",  0,  0,  0,  0.1, /**/ 3,  0,  0,  0,  0,  0,  0,  0, /*d*/ 2,  9,  0.5,  1,  1,  0,  0,  0.5, /**/ 4,  10,  0.5,  0,  1.5,  0,  0,  0.5, /**/ 6,  9,  0.5,  0,  2.5,  0,  0,  0.5, /**/ 5,  5,  0.5,  0,  3,  0,  0,  0.5, /**/ 3,  2.5,  0.5,  0,  3,  0,  0,  0.5, /**/ 3,  1.5,  0.5,  0,  3,  0,  0,  0.5, /**/ 5,  0.5,  0.5,  0,  3,  0,  0,  0, /**/ 5,  -8,  0.5,  0,  2.5,  0,  0,  0.5, /**/ 3,  -10,  0.5,  0,  2,  0,  0,  0.5, /**/ 1.5,  -9,  0.5,  0,  1.5,  0,  99,  0.5, /**/ 0,  -7,  0.5,  0,  1,  0,  2,  0.5, /**/ 5,  0,  0.5,  0,  1,  0,  1,  0.5 }
		"^SCHW" => {  /*h*/ 7,  1,  -1,  0.5,  0,  0,  0,  "", /**/ "",  "",  "",  "",  0,  0,  0,  0.1, /**/ 3,  0,  0,  0,  0,  0,  0,  0, /*d*/ 5,  17,  0.5,  1,  1,  0,  0,  0.5, /**/ 7,  19,  0.5,  0,  1,  0,  0,  0.5, /**/ 9,  20,  0.5,  0,  1.5,  0,  0,  0.5, /**/ 7,  19,  0.5,  0,  2.5,  0,  0,  0.5, /**/ 5,  17,  0.5,  0,  3,  0,  0,  0.5, /**/ 5,  -8,  0.5,  0,  2.5,  0,  0,  0.5, /**/ 3,  -10,  0.5,  0,  2,  0,  0,  0.5, /**/ 1.5,  -9,  0.5,  0,  1.5,  0,  99,  0.5, /**/ 0,  -7,  0.5,  0,  1,  0,  2,  0.5, /**/ 5,  0,  0.5,  0,  1,  0,  1,  0.5 }
		"^CH" => {  /*h*/ 5,  1,  -1,  0.5,  2,  2,  0,  "", /**/ "",  "",  "",  "",  0,  0,  0,  0.1, /**/ 3,  0,  0,  0,  0,  0,  0,  0, /*d*/ 0,  8.5,  0.5,  1,  1.3,  0,  0,  0.5, /**/ 2.5,  10,  0.7,  2,  2.5,  0,  0,  0.8, /**/ 5,  7,  0.8,  0,  3,  0,  0,  0.5, /**/ 5,  -8,  0.5,  0,  2.5,  0,  0,  0.5, /**/ 3,  -10,  0.5,  0,  2,  0,  99,  0.5, /**/ 1.5,  -9,  0.5,  0,  1.5,  0,  0,  0.5, /**/ 0,  -7,  0.5,  0,  1,  0,  2,  0.5, /**/ 3,  -2,  0.5,  0,  1,  0,  1,  0.5, /**/ 5,  2.5,  0,  4,  1,  0,  0,  0.5 }
		"^ZW" => {  /*h*/ 5,  1,  -1,  0,  1,  0,  0,  "", /**/ "",  "",  "",  "",  0,  0,  0,  0.1, /**/ 3,  0,  0,  0,  0,  0,  0,  0, /*d*/ 5,  20,  0,  1,  3,  0,  0,  0, /**/ 5,  -8,  0.5,  0,  2.5,  0,  0,  0.5, /**/ 3,  -10,  0.5,  0,  2,  0,  0,  0.5, /**/ 1.5,  -9,  0.5,  0,  1.5,  0,  0,  0.5, /**/ 0,  -7,  0.5,  0,  1,  0,  2,  0.5, /**/ 5,  0,  0.5,  0,  1,  0,  1,  0.5 }
		"^Z" => {  /*h*/ 5,  1,  -1,  0,  2,  2,  0,  "", /**/ "",  "",  "",  "",  0,  0,  0,  0.1, /**/ 3,  0,  0,  0,  0,  0,  0,  0, /*d*/ 5,  10,  0,  1,  3,  0,  0,  0, /**/ 5,  -5,  0.5,  0,  2.5,  0,  0,  0.5, /**/ 4.25,  -9,  0.5,  0,  2.5,  0,  0,  0.5, /**/ 3,  -10,  0.5,  0,  2,  0,  0,  0.5, /**/ 1.5,  -9,  0.5,  0,  1.5,  0,  99,  0.5, /**/ 0,  -7,  0.5,  0,  1,  0,  2,  0.5, /**/ 5,  2.5,  0.5,  4,  1,  0,  0,  0.5, /**/ 5,  0,  0.5,  0,  1,  0,  1,  0.5 }
		"CK" => {  /*h*/ 4,  0.5,  0,  0.5,  2,  2,  0,  "", /**/ "",  "",  "",  "",  0,  0,  0,  0, /**/ 0,  0,  0,  0,  0,  0,  0,  0, /*d*/ 0,  28.5,  0.5,  1,  1.5,  0,  0,  0.5, /**/ 2,  30,  0.5,  2,  2,  0,  0,  0.5, /**/ 4,  27,  0.5,  0,  2.5,  0,  0,  0, /**/ 4,  25,  0,  0,  3,  0,  0,  0, /**/ 5,  0,  0,  0,  1,  0,  1,  0, /**/ 2,  2,  0,  4,  1,  0,  0,  0 }
		"FF" => {  /*h*/ 2.5,  0.5,  0,  0,  2,  1,  0,  "", /**/ "",  "",  "",  "",  0,  0,  0,  0, /**/ 0,  0,  0,  0,  0,  0,  0,  0, /*d*/ 0,  10,  0.5,  1,  1.5,  0,  0,  0.5, /**/ 3,  27,  0.5,  2,  2,  0,  0,  0.5, /**/ 1.8,  30,  0.5,  0,  2.5,  0,  0,  0.5, /**/ 0,  28,  0.5,  0,  3,  0,  0,  0.5, /**/ 0,  2,  0.5,  0,  3,  0,  0,  0.5, /**/ 2,  0,  0.5,  0,  1.5,  0,  2,  0.5, /**/ 4,  1,  0.5,  0,  1,  0,  1,  0.5 }
		"LL" => {  /*h*/ 3,  0.5,  0,  0.5,  1.25,  1.25,  0,  "", /**/ "",  "",  "",  "",  0,  0,  0,  0, /**/ 0,  0,  0,  0,  0,  0,  0,  0, /*d*/ 0,  5,  0.5,  1,  1.5,  0,  0,  0.5, /**/ 2,  8.5,  0.5,  2,  2,  0,  0,  0.5, /**/ 1.1,  10,  0.5,  0,  2.5,  0,  0,  0.5, /**/ 0,  7,  0.5,  0,  3,  0,  0,  0.5, /**/ 0,  2,  0.5,  0,  2.5,  0,  0,  0, /**/ 2,  0,  0.5,  0,  1.5,  0,  0,  0.5, /**/ 2.5,  0,  0.5,  0,  1,  0,  0,  0.5, /**/ 3,  1,  0.5,  0,  1,  0,  0,  0.5, /**/ 2.5,  1.5,  0.5,  0,  1,  0,  0,  0.5, /**/ 2,  0.5,  0.5,  0,  1,  0,  0,  0.5, /**/ 2.5,  0,  0.5,  0,  1,  0,  2,  0.5, /**/ 3,  2,  0.5,  0,  1,  0,  1,  0.5 }
		"MM" => {  /*h*/ 11,  0.5,  0,  0.5,  0,  0,  0,  "", /**/ "",  "",  "",  "",  0,  0,  0,  0, /**/ 0,  0,  0,  0,  0,  0,  0,  0, /*d*/ -2,  5,  0.5,  1,  1,  0,  0,  0, /**/ 1.75,  10,  0.5,  0,  1.2,  0,  0,  0, /**/ 6,  10,  0.5,  2,  2,  0,  0,  0.5, /**/ 8,  8.5,  0.5,  0,  3,  0,  0,  0.5, /**/ 8,  2,  0.5,  0,  2.5,  0,  0,  0, /**/ 9.5,  0,  0.5,  0,  1.5,  0,  2,  0.5, /**/ 11,  2,  0.5,  0,  1,  0,  1,  0.5 }
		"NN" => {  /*h*/ 17,  0.5,  0,  0.5,  0,  0,  0,  "", /**/ "",  "",  "",  "",  0,  0,  0,  0, /**/ 0,  0,  0,  0,  0,  0,  0,  0, /*d*/ 0,  9,  0.5,  1,  1.5,  0,  0,  0.5, /**/ 2,  10,  0.5,  2.5,  2,  0,  0,  0.5, /**/ 5,  8,  0.5,  0,  3,  0,  0,  0.5, /**/ 11,  2,  0.5,  0,  2.5,  0,  0,  0.5, /**/ 14,  0,  0.5,  0,  1.5,  0,  2,  0.5, /**/ 17,  2,  1,  0,  1,  0,  1,  0.5 }
		"PP" => {  /*h*/ 2.5,  0.5,  0,  0,  2,  0.5,  0,  "", /**/ "",  "",  "",  "",  0,  0,  0,  0, /**/ 0,  0,  0,  0,  0,  0,  0,  0, /*d*/ 0,  30,  0,  1,  3,  0,  0,  0, /**/ 0,  3,  0.5,  0,  2.5,  0,  0,  0.5, /**/ 1.25,  0,  0.5,  0,  1.5,  0,  2,  0.5, /**/ 2.5,  2,  0,  0,  1,  0,  1,  0 }
		"RR" => {  /*h*/ 10,  0.5,  0,  0.5,  0,  0,  0,  "", /**/ "",  "",  "",  "",  0,  0,  1,  0, /**/ 0,  0,  0,  0,  0,  0,  0,  0, /*d*/ 1,  7.75,  0.5,  1,  1,  0,  0,  0.5, /**/ 5,  10,  0.7,  0,  3,  0,  0,  0.8, /**/ 10,  5,  0.8,  0,  3,  0,  0,  0.7, /**/ 5,  0,  0.7,  0,  1,  0,  0,  0.5, /**/ 0,  5,  0.5,  0,  1,  0,  0,  0.5, /**/ 1,  7.75,  0.5,  0,  1,  0,  0,  0.5, /**/ 5,  10,  0.5,  0,  1,  0,  1,  0.5 }
		"SS" => {  /*h*/ 14,  0.5,  0,  0.5,  0,  0,  0,  "", /**/ "",  "",  "",  "",  0,  0,  0,  0, /**/ 0,  0,  0,  0,  0,  0,  0,  0, /*d*/ 0,  9,  0.5,  1,  1.5,  0,  0,  0.5, /**/ 3,  10,  0.5,  2.5,  2,  0,  0,  0.5, /**/ 7.5,  8,  0,  0,  3,  0,  0,  0, /**/ 9.5,  6,  0,  0,  3,  0,  0,  0, /**/ 14,  0,  0,  0,  1,  0,  1,  0 }
		"TT" => {  /*h*/ 0,  0.5,  0,  0,  5,  3,  0,  "", /**/ "",  "",  "",  "",  0,  0,  0,  0, /**/ 0,  0,  0,  0,  0,  0,  0,  0, /*d*/ 0,  30,  0,  1,  3,  0,  0,  0, /**/ 0,  0,  0,  0,  1,  0,  1,  0, /**/ 0,  2.5,  0,  4,  1,  0,  0,  0.5 }
		"CH" => {  /*h*/ 5,  1,  -1,  0.5,  2,  2,  0,  "", /**/ "",  "",  "",  "",  0,  0,  0,  0, /**/ 0,  0,  0,  0,  0,  0,  0,  0, /*d*/ 0,  8.5,  0.5,  1,  1.3,  0,  0,  0.5, /**/ 2.5,  10,  0.7,  2,  2.5,  0,  0,  0.8, /**/ 5,  7,  0.8,  0,  3,  0,  0,  0.5, /**/ 5,  -8,  0.5,  0,  2.5,  0,  0,  0.5, /**/ 3,  -10,  0.5,  0,  2,  0,  99,  0.5, /**/ 1.5,  -9,  0.5,  0,  1.5,  0,  0,  0.5, /**/ 0,  -7,  0.5,  0,  1,  0,  0,  0.5, /**/ 5,  0,  0.5,  0,  1,  0,  1,  0.5, /**/ 5,  2.5,  0,  4,  1,  0,  0,  0.5 }
		"ND" => {  /*h*/ 2.5,  0.5,  0,  0.5,  1,  3,  0,  "", /**/ "",  "",  "",  "",  0,  0,  0,  0, /**/ 0,  0,  0,  0,  0,  0,  0,  0, /*d*/ 0,  5,  0.5,  1,  1.5,  0,  0,  0.5, /**/ 2.5,  8.25,  0.5,  2,  2,  0,  0,  0.5, /**/ 1.1,  10,  0.5,  0,  2.5,  0,  0,  0.5, /**/ 0,  7,  0,  0,  3,  0,  0,  0, /**/ 0,  0,  0,  0,  1,  0,  1,  0, /**/ 0,  2.5,  0,  4,  1,  0,  0,  0.5 }
		"NG" => {  /*h*/ 3,  0.5,  0,  0.5,  2,  2,  0,  "", /**/ "",  "",  "",  "",  0,  0,  0,  0, /**/ 1,  0,  0,  0,  0,  0,  0,  0, /*d*/ 2,  8,  0.5,  1,  1.3,  0,  0,  0.5, /**/ 3,  9.5,  0.5,  0,  1.3,  0,  0,  0.5, /**/ 4,  10,  0.5,  0,  2.5,  0,  0,  0.5, /**/ 3,  9.5,  0.5,  0,  3,  0,  0,  0.5, /**/ 2,  8,  0.5,  0,  3,  0,  0,  0.5, /**/ 2,  1.5,  0.5,  0,  2.5,  0,  0,  0.5, /**/ 1,  0,  0.5,  0,  1.5,  0,  99,  0.5, /**/ 0,  2,  0.5,  0,  1.5,  0,  2,  0.5, /**/ 2,  4,  0.5,  0,  1,  0,  1,  0.5, /**/ 2,  4,  0,  4,  1,  0,  0,  0.5 }
		"NK" => {  /*h*/ 6,  0.5,  0,  0,  1,  1,  0,  "", /**/ "",  "",  "",  "",  0,  0,  0,  0, /**/ 1,  0,  0,  0,  0,  0,  0,  0, /*d*/ 3,  10,  0.5,  1,  1.5,  0,  0,  0.5, /**/ 6,  17,  0.5,  2,  2,  0,  0,  0.5, /**/ 4.8,  20,  0.5,  0,  2.5,  0,  0,  0.5, /**/ 3,  18,  0.5,  0,  3,  0,  0,  0.5, /**/ 3,  2,  0.5,  0,  3,  0,  0,  0.5, /**/ 1.5,  0,  0.5,  0,  2.5,  0,  0,  0.5, /**/ 0,  2,  0.5,  0,  1.5,  0,  99,  0.5, /**/ 0,  2,  0.5,  0,  1.5,  0,  2,  0.5, /**/ 4,  5,  0.5,  0,  1,  0,  1,  0.5, /**/ 4,  5.5,  0,  4,  1,  0,  0,  0.5 }
		"NS" => {  /*h*/ 3.75,  0.5,  0,  0,  1,  1,  0,  "", /**/ "",  "",  "",  "",  0,  0,  0,  0, /**/ 0,  0,  0,  0,  0,  0,  0,  0, /*d*/ 0.75,  5,  0.5,  1,  1.5,  0,  0,  0.5, /**/ 3.75,  8.5,  0.5,  2,  2,  0,  0,  0.5, /**/ 2.65,  10,  0.5,  0,  2.5,  0,  0,  0.5, /**/ 1.75,  9,  0.5,  0,  3,  0,  0,  0.5, /**/ 1.75,  1,  0.5,  0,  3,  0,  0,  0.5, /**/ 0.75,  0,  0.5,  0,  2.5,  0,  99,  0.5, /**/ 0,  2.25,  0.5,  0,  1.5,  0,  2,  0.5, /**/ 1.75,  3,  0.5,  0,  1,  0,  1,  0.5 }
		"PF" => {  /*h*/ 8,  0.5,  0,  0.5,  1,  1,  0,  "", /**/ "",  "",  "",  "",  0,  0,  0,  0, /**/ 0,  0,  0,  0,  0,  0,  0,  0, /*d*/ 0,  5.5,  0.5,  1,  1.5,  0,  0,  0.5, /**/ 4,  9.5,  0.5,  2,  2,  0,  0,  0.5, /**/ 7,  13,  0.8,  2,  2,  0,  0,  0.9, /**/ 8,  16,  0.9,  2,  2,  0,  0,  0.7, /**/ 1.8,  20,  0.5,  0,  2.5,  0,  0,  0.5, /**/ 0,  18,  0.5,  0,  3,  0,  0,  0.5, /**/ 0,  2,  0.5,  0,  3,  0,  0,  0.5, /**/ 2,  0,  0.5,  4,  1.5,  0,  0,  0.5, /**/ 2,  0,  0.5,  0,  1.5,  0,  2,  0.5, /**/ 4,  2,  0.5,  0,  1,  0,  1,  0.5 }
		"SP" => {  /*h*/ 8,  0.5,  0,  0.5,  0.75,  0.75,  0,  "", /**/ "",  "",  "",  "",  0,  0,  0,  0, /**/ 0,  0,  0,  0,  0,  0,  0,  0, /*d*/ 0,  18,  0.5,  1,  1.5,  0,  0,  0.5, /**/ 2,  20,  0.5,  2,  2,  0,  0,  0.5, /**/ 4,  18,  0.5,  0,  2.5,  0,  0,  0.5, /**/ 4,  15,  0.5,  0,  3,  0,  0,  0.5, /**/ 4,  5,  0.5,  0,  2.5,  0,  0,  0.5, /**/ 4,  3,  0.5,  0,  2,  0,  0,  0.5, /**/ 6,  0,  0.5,  4,  1.5,  0,  0,  0.5, /**/ 6,  0,  0.5,  0,  1.5,  0,  2,  0.5, /**/ 8,  2,  0.5,  0,  1,  0,  1,  0 }
		"ST" => {  /*h*/ 3,  0.5,  0,  0,  2,  2,  0,  "", /**/ "",  "",  "",  "",  0,  0,  0,  0, /**/ 0,  0,  0,  0,  0,  0,  0,  0, /*d*/ 0,  10,  0.5,  1,  1.5,  0,  0,  0.5, /**/ 3,  17,  0.5,  2,  2,  0,  0,  0.5, /**/ 1.8,  20,  0.5,  0,  2.5,  0,  0,  0.5, /**/ 0,  18,  0.5,  0,  3,  0,  0,  0, /**/ 0,  0,  0,  0,  1,  0,  1,  0, /**/ 0,  2.5,  0,  4,  1,  0,  1,  0 }
		"ZW" => {  /*h*/ 5,  1,  -1,  0,  1,  0,  0,  "", /**/ "",  "",  "",  "",  0,  0,  0,  0, /**/ 0,  0,  0,  0,  0,  0,  0,  0, /*d*/ 5,  20,  0,  1,  3,  0,  0,  0, /**/ 5,  -8,  0.5,  0,  2.5,  0,  0,  0.5, /**/ 3,  -10,  0.5,  0,  2,  0,  0,  0.5, /**/ 1.5,  -9,  0.5,  0,  1.5,  0,  0,  0.5, /**/ 0,  -7,  0.5,  0,  1,  0,  0,  0.5, /**/ 5,  0,  0.5,  0,  1,  0,  1,  0.5 }
		"EN" => {  /*h*/ 5,  0,  0,  0.5,  0,  0,  0,  "", /**/ "",  "",  "",  "",  0,  0,  0,  0, /**/ 0,  1,  0,  0,  0,  0,  0,  0, /*d*/ 5,  0,  0,  1,  1,  0,  0,  0, /**/ 5,  0,  0,  0,  1,  0,  1,  0 }
		"EM" => {  /*h*/ 18,  5,  0,  0.5,  0,  0,  0,  "", /**/ "",  "",  "",  "",  0,  0,  0,  0, /**/ 0,  1,  0,  0,  0,  0,  0,  0, /*d*/ 5,  0,  0,  1,  1,  0,  0,  0, /**/ 13,  0,  0.5,  1,  1,  0,  1,  0 }
		"DEN" => {  /*h*/ 5,  0,  0,  0.5,  0,  0,  0,  "", /**/ "",  "",  "",  "",  0,  0,  0,  0, /**/ 0,  1,  0,  0,  0,  0,  0,  0, /*d*/ 0,  0,  0,  1,  1,  0,  0,  0, /**/ 5,  0,  0,  0,  1,  0,  1,  0 }
		"DEM" => {  /*h*/ 13,  5,  0,  0.5,  0,  0,  0,  "", /**/ "",  "",  "",  "",  0,  0,  0,  0, /**/ 0,  1,  0,  0,  0,  0,  0,  0, /*d*/ 0,  0,  0,  1,  1,  0,  0,  0, /**/ 13,  0,  0.5,  1,  1,  0,  1,  0 }
		"VR+AR" => {  /*h*/ 5,  0.5,  0,  0.5,  0,  1,  0,  "", /**/ "",  "",  "",  "",  0,  0,  0.5,  2.5, /**/ 5,  0,  0,  0,  0,  0,  0,  0, /*d*/ 2.5,  5,  0.5,  1,  3,  0,  0,  0.5, /**/ 5,  2.5,  0.7,  0,  3,  0,  0,  0.7, /**/ 2.5,  0,  0.7,  0,  1,  0,  0,  0.5, /**/ 0,  2.5,  0.7,  0,  1,  0,  0,  0.5, /**/ 2.5,  5,  0.5,  0,  1,  0,  0,  0, /**/ 2.5,  5,  0.5,  0,  1,  0,  0,  0.7, /**/ 5,  7.5,  0.7,  0,  1,  0,  0,  0.7, /**/ 2.5,  10,  0.7,  0,  3,  0,  0,  0.5, /**/ 0,  7.5,  0.7,  0,  3,  0,  0,  0.5, /**/ 2.5,  5,  0.5,  0,  1,  0,  1,  0 }
		"B" => {  /*h*/ 5,  0.5,  0,  0,  1,  1,  0,  "", /**/ "",  "",  "",  "",  0,  0,  0,  0, /**/ 0,  0,  0,  0,  0,  0,  0,  0, /*d*/ 0,  10,  0,  1,  3,  0,  0,  0, /**/ 0,  3,  0.5,  0,  2.5,  0,  0,  0.5, /**/ 0,  2.75,  0.5,  0,  2.5,  0,  0,  0.5, /**/ 2.5,  0,  0.5,  4,  1.5,  0,  0,  0.5, /**/ 2.5,  0,  0.5,  0,  1.5,  0,  2,  0.5, /**/ 5,  2,  0.5,  0,  1,  0,  1,  0 }
		"C" => {  /*h*/ 5,  0.5,  0,  0.5,  2,  2,  0,  "", /**/ "",  "",  "",  "",  0,  0,  0,  0, /**/ 0,  0,  0,  0,  0,  0,  0,  0, /*d*/ 1,  9.5,  0.5,  0,  1,  0,  0,  0.5, /**/ 3,  10,  0.5,  98,  3,  0,  0,  0.5, /**/ 1,  9.5,  0.5,  0,  3,  0,  0,  0.5, /**/ 0,  7.5,  0.5,  0,  3,  0,  0,  0, /**/ 0,  0,  0,  0,  1,  0,  1,  0 }
		"D" => {  /*h*/ 0,  0.5,  0,  0,  1,  1,  0,  "", /**/ "",  "",  "",  "",  0,  0,  0,  0, /**/ 0,  0,  0,  0,  0,  0,  0,  0, /*d*/ 0,  10,  0,  1,  3,  0,  0,  0, /**/ 0,  0,  0,  0,  1,  0,  1,  0, /**/ 0,  2.5,  0,  4,  1,  0,  0,  0.5 }
		"F" => {  /*h*/ 4,  0.5,  0,  0,  1,  1,  0,  "", /**/ "",  "",  "",  "",  0,  0,  0,  0, /**/ 0,  0,  0,  0,  0,  0,  0,  0, /*d*/ 0,  10,  0.5,  1,  1.5,  0,  0,  0.5, /**/ 3,  17,  0.5,  2,  2,  0,  0,  0.5, /**/ 1.8,  20,  0.5,  0,  2.5,  0,  0,  0.5, /**/ 0,  18,  0.5,  0,  3,  0,  0,  0.5, /**/ 0,  2,  0.5,  0,  3,  0,  0,  0.5, /**/ 2,  0,  0.5,  4,  1.5,  0,  0,  0.5, /**/ 2,  0,  0.5,  0,  1.5,  0,  2,  0.5, /**/ 4,  2,  0.5,  0,  1,  0,  1,  0.5 }
		"G" => {  /*h*/ 2.5,  0.5,  0,  0.5,  2,  3,  0,  "", /**/ "",  "",  "",  "",  0,  0,  0,  0, /**/ 0,  0,  0,  0,  0,  0,  0,  0, /*d*/ 0,  8.75,  0.5,  1,  1.5,  0,  0,  0, /**/ 1,  10,  0.5,  2,  2.5,  0,  0,  0.5, /**/ 2.5,  8,  0.5,  0,  3,  0,  0,  0, /**/ 2.5,  0,  0,  0,  1,  0,  1,  0, /**/ 2.5,  2.5,  0,  4,  1,  0,  0,  0 }
		"H" => {  /*h*/ 3.5,  0.5,  0,  0.5,  3,  2,  0,  "", /**/ "",  "",  "",  "",  0,  0,  0,  0, /**/ 1,  0,  0,  0,  0,  0,  0,  0, /*d*/ 0,  9,  0.5,  1,  1.5,  0,  0.5,  0.5, /**/ 1.75,  10,  0.5,  2,  2.5,  0,  0,  0.5, /**/ 3.5,  7.2,  0,  0,  3,  0,  0,  0, /**/ 3.5,  2,  0.5,  0,  3,  0,  0,  0.5, /**/ 1.95, 0, 0.5, 0, 4, 0, 0, 0.5,  /**/ 0,  0.5,  0.5,  0,  2.5,  0,  99,  0.5, /**/ 0,  2.4,  0.5,  0,  1.5,  0,  2,  0.5, /**/ 3.5,  4.6,  0.5,  0,  1,  0,  1,  0.5 }
		"J" => {  /*h*/ 3,  0.5,  0,  0,  2,  2,  0,  "", /**/ "",  "",  "",  "",  0,  0,  0,  0, /**/ 0,  0,  0,  0,  0,  0,  0,  0, /*d*/ 3,  10,  0,  1,  3,  0,  0,  0.5, /**/ 3,  2,  0.5,  0,  3,  0,  0,  0.5, /**/ 1.5,  0,  0.5,  0,  2.5,  0,  0,  0.5, /**/ 0,  1.5,  0.5,  0,  1.5,  0,  2,  0.5, /**/ 3,  5,  0.5,  0,  1,  0,  1,  0.5 }
		"K" => {  /*h*/ 2.5,  0.5,  0,  0.5,  2,  2,  0,  "", /**/ "",  "",  "",  "",  0,  0,  0,  0, /**/ 0,  0,  0,  0,  0,  0,  0,  0, /*d*/ 0,  18.5,  0.5,  1,  1.5,  0,  0,  0.5, /**/ 1.25,  20,  0.5,  2,  2,  0,  0,  0.5, /**/ 2.5,  17,  0.5,  0,  2.5,  0,  0,  0.5, /**/ 2.5,  15,  0.5,  0,  3,  0,  0,  0, /**/ 2.5,  0,  0,  0,  1,  0,  1,  0, /**/ 2.5,  2.5,  0,  4,  1,  0,  0,  0.5 }
		"L" => {  /*h*/ 3,  0.5,  0,  0.5,  0.75,  0.75,  0,  "", /**/ "",  "",  "",  "",  0,  0,  0,  0, /**/ 0,  0,  0,  0,  0,  0,  0,  0, /*d*/ 0,  5,  0.5,  1,  1.5,  0,  0,  0.5, /**/ 2,  8.5,  0.5,  2,  2,  0,  0,  0.5, /**/ 1.1,  10,  0.5,  0,  2.5,  0,  0,  0.5, /**/ 0,  7,  0.5,  0,  3,  0,  0,  0.5, /**/ 0,  2,  0.5,  0,  2.5,  0,  0,  0, /**/ 2,  0,  0.5,  4,  1.5,  0,  0,  0.5, /**/ 2,  0,  0.5,  0,  1.5,  0,  2,  0.5, /**/ 3,  0,  0.5,  0,  1,  0,  1,  0.5 }
		"@L" => {  /*h*/ 0,  0,  0,  0.5,  2,  2,  0,  "", /**/ "",  "",  "",  "",  0,  0,  0,  0, /**/ 0,  0,  0,  0,  0,  0,  0,  0, /*d*/ 0,  0,  1,  0.5,  1,  0,  0,  0.5, /**/ 1,  1,  0.5,  0,  1,  0,  0,  0.5, /**/ 0,  2,  0.5,  0,  1,  0,  0,  0.5, /**/ -1,  1,  0.5,  0,  1,  0,  2,  0.5, /**/ 0,  0,  0.5,  0,  1,  0,  1,  0.5 }
		"@L3" => {  /*h*/ 0,  0,  0,  0.5,  0,  0,  0,  "", /**/ "",  "",  "",  "",  0,  0,  0,  0, /**/ 0,  0,  0,  0,  0,  0,  0,  0, /*d*/ 0,  0,  1,  0.5,  1,  0,  0,  0.5, /**/ -1,  1,  0.5,  0,  1,  0,  0,  0.5, /**/ -2,  0,  0.5,  0,  1,  0,  0,  0.5, /**/ -1,  -1,  0.5,  0,  1,  0,  2,  0.5, /**/ 0,  0,  0.5,  0,  1,  0,  1,  0.5 }
		"&L" => {  /*h*/ 2,  0.5,  0,  0.5,  1,  1,  0,  "", /**/ "",  "",  "",  "",  0,  0,  0,  0, /**/ 0,  0,  0,  0,  0,  0,  0,  0, /*d*/ 0.5,  0,  0.5,  1,  1.5,  0,  0,  0.5, /**/ 1,  0.5,  0.5,  0,  2,  0,  0,  0.5, /**/ 0.5,  1,  0.5,  0,  2.5,  0,  0,  0.5, /**/ 0,  0.5,  0.5,  0,  3,  0,  0,  0.5, /**/ 0.5,  0,  0.5,  0,  2.5,  0,  1,  0 }
		"M" => {  /*h*/ 5.5,  0.5,  0,  0.5,  0.5,  0.5,  0,  "", /**/ "",  "",  "",  "",  0,  0,  0,  0, /**/ 0,  0,  0,  0,  0,  0,  0,  0, /*d*/ 0,  8.75,  0.5,  1,  1.5,  0,  0,  0, /**/ 1,  10,  0.5,  2,  2.5,  0,  0,  0.5, /**/ 2.5,  8,  0.5,  0,  3,  0,  0,  0.5, /**/ 2.5,  2,  0.5,  0,  2.5,  0,  0,  0, /**/ 4,  0,  0.5,  4,  1.5,  0,  0,  0.5, /**/ 4,  0,  0.5,  0,  1.5,  0,  2,  0.5, /**/ 5.5,  2,  0.5,  0,  1,  0,  1,  0.5 }
		"N" => {  /*h*/ 11,  0.5,  0,  0.5,  0,  0,  0,  "", /**/ "",  "",  "",  "",  0,  0,  0,  0, /**/ 0,  0,  0,  0,  0,  0,  0,  0, /*d*/ 0,  4.5,  0.5,  1,  1.5,  0,  0,  0.5, /**/ 1,  5,  0.5,  2,  2,  0,  0,  0.5, /**/ 2,  5,  0.5,  0,  3,  0,  0,  0.5, /**/ 5.5,  2,  0.5,  0,  2.5,  0,  0,  0.5, /**/ 7.5,  0,  0.5,  4,  1.5,  0,  0,  0.5, /**/ 8.5,  0,  0.5,  0,  1.5,  0,  2,  0.5, /**/ 11,  1,  0.5,  0,  1,  0,  1,  0.5 }
		"P" => {  /*h*/ 4,  0.5,  0,  0,  2,  2,  0,  "", /**/ "",  "",  "",  "",  0,  0,  0,  0, /**/ 0,  0,  0,  0,  0,  0,  0,  0, /*d*/ 0,  20,  0,  1,  3,  0,  0,  0, /**/ 0,  2.5,  0.5,  0,  2.5,  0,  0,  0.5, /**/ 2,  0,  0.5,  4,  1.5,  0,  0,  0.5, /**/ 2,  0,  0.5,  0,  1.5,  0,  2,  0.5, /**/ 4,  2,  0,  0,  1,  0,  1,  0 }
		"Q" => {  /*h*/ 3,  0.5,  0,  0.5,  2,  1,  0,  "", /**/ "",  "",  "",  "",  0,  0,  0,  0, /**/ 0,  0,  0,  0,  0,  0,  0,  0, /*d*/ 1,  19,  0.5,  0,  1,  0,  0,  0.5, /**/ 3,  20,  0.5,  98,  3,  0,  0,  0.5, /**/ 1,  19,  0.5,  0,  3,  0,  0,  0.5, /**/ 0,  15,  0.5,  0,  3,  0,  0,  0, /**/ 0,  0,  0,  0,  1,  0,  1,  0 }
		"VR" => {  /*h*/ 5,  0.5,  0,  0.5,  2,  2,  0,  "", /**/ "",  "",  "",  "",  0,  0,  0,  2.5, /**/ 5,  0,  0,  0,  0,  0,  0,  0, /*d*/ 2.5,  5,  0.5,  1,  1.5,  0,  0,  0.5, /**/ 3.75,  4,  0.7,  5,  2.5,  0,  0,  0.7, /**/ 5,  2.5,  0.7,  0,  3,  0,  0,  0.7, /**/ 4.5,  0.5,  0.7,  5,  2,  0,  0,  0.7, /**/ 3.25,  0.15,  0.7,  5,  1.5,  0,  0,  0.7, /**/ 2.5,  0,  0.7,  0,  1,  0,  0,  0.5, /**/ 0,  2.5,  0.7,  0,  1,  0,  0,  0.5, /**/ 2.5,  5,  0.5,  4,  1,  0,  0,  0.5, /**/ 2.5,  5,  0.5,  0,  1,  0,  1,  0 }
		"AR" => {  /*h*/ 5,  0.5,  0,  0.5,  0,  3,  0,  "", /**/ "",  "",  "",  "",  0,  0,  0,  0, /**/ 0,  0,  0,  0,  0,  0,  0,  0, /*d*/ 2.5,  0,  0.5,  1,  1,  0,  0,  0.7, /**/ 5,  2.5,  0.7,  0,  1,  0,  0,  0.7, /**/ 2.5,  5,  0.7,  0,  3,  0,  0,  0.5, /**/ 0,  2.5,  0.7,  0,  3,  0,  0,  0.5, /**/ 2.5,  0,  0.5,  0,  1,  0,  1,  0 }
		"AR^" => {  /*h*/ 5,  0.5,  0,  0.5,  0,  3,  0,  "", /**/ "",  "",  "",  "",  0,  0,  0,  0, /**/ 0,  0,  0,  0,  0,  0,  0,  0, /*d*/ 2.5,  0,  0.5,  1,  1,  0,  0,  0.7, /**/ 5,  2.5,  0.7,  0,  1,  0,  0,  0.7, /**/ 2.5,  5,  0.7,  0,  3,  0,  0,  0.5, /**/ 0,  2.5,  0.7,  0,  3,  0,  0,  0.5, /**/ 2.5,  0,  0.5,  0,  1,  0,  0,  0, /**/ 5,  2.5,  0.7,  0,  1,  0,  1,  0.7 }
		"AR5" => {  /*h*/ 5,  0.5,  0,  0.5,  0,  1,  0,  "", /**/ "",  "",  "",  "",  0,  0,  0,  0, /**/ 0,  0,  0,  0,  0,  0,  0,  0, /*d*/ 5,  2.5,  0.7,  1,  1,  0,  0,  0.7, /**/ 2.5,  5,  0.7,  0,  3,  0,  0,  0.5, /**/ 0,  2.5,  0.7,  0,  3,  0,  0,  0.5, /**/ 2.5,  0,  0.5,  0,  1,  0,  0,  0, /**/ 2.5,  0,  0.5,  1,  1,  0,  1,  0.7 }
		"@R" => {  /*h*/ 5,  0.5,  0,  0.5,  0,  1,  0,  "", /**/ "",  "",  "",  "",  0,  0,  0,  0, /**/ 0,  0,  0,  0,  0,  0,  0,  0, /*d*/ 0,  0,  0.7,  0,  1,  0,  0,  0.7, /**/ -2,  2,  0.7,  0,  1,  0,  0,  0.5, /**/ -4,  0,  0.7,  0,  1,  0,  0,  0.5, /**/ -2,  -2,  0.5,  0,  1,  0,  2,  0.5, /**/ 0,  0,  0.5,  0,  1,  0,  1,  0.7 }
		"@R6" => {  /*h*/ 0,  0.5,  0,  0.5,  0,  1,  0,  "", /**/ "",  "",  "",  "",  0,  0,  0,  0, /**/ 0,  0,  0,  0,  0,  0,  0,  0, /*d*/ 0,  0,  0.7,  0,  1,  0,  0,  0.7, /**/ 2,  2,  0.7,  0,  1,  0,  0,  0.5, /**/ 0,  4,  0.7,  0,  1,  0,  0,  0.5, /**/ -2,  2,  0.5,  0,  1,  0,  2,  0.5, /**/ 0,  0,  0.5,  0,  1,  0,  1,  0.7 }
		"S" => {  /*h*/ 6.75,  0.5,  0,  0.5,  0,  0,  0,  "", /**/ "",  "",  "",  "",  0,  0,  0,  0, /**/ 0,  0,  0,  0,  0,  0,  0,  0, /*d*/ 0,  4,  0.5,  1,  1.5,  0,  0,  0.5, /**/ 1,  5,  0.5,  2,  2,  0,  0,  0.5, /**/ 2,  5,  0.5,  0,  3,  0,  0,  0, /**/ 4,  4,  0.5,  0,  3,  0,  0,  0, /**/ 6.75,  0,  0,  0,  1,  0,  1,  0 }
		"T" => {  /*h*/ 0,  0.5,  0,  0,  0,  2.5,  0,  "", /**/ "",  "",  "",  "",  0,  0,  0,  0, /**/ 0,  0,  0,  0,  0,  0,  0,  0, /*d*/ 0,  20,  0,  1,  3,  0,  0,  0, /**/ 0,  0,  0,  0,  1,  0,  1,  0, /**/ 0,  2.5,  0,  4,  1,  0,  0,  0.5 }
		"&T" => {  /*h*/ 4,  0,  1.5,  0.5,  0,  0,  0,  "", /**/ "",  "",  "",  "",  0,  0,  0,  0, /**/ 0,  0,  0,  0,  0,  0,  0,  0, /*d*/ 4,  20,  0,  1,  1,  0,  1,  0, /**/ 4,  20,  0,  0,  1,  0,  1,  0 }
		"&T3/4" => {  /*h*/ 4,  0,  0,  0.5,  0,  0,  0,  "", /**/ "",  "",  "",  "",  0,  0,  1,  0, /**/ 0,  0,  0,  0,  0,  0,  0,  0, /*d*/ 4,  15,  0,  1,  1,  0,  1,  0, /**/ 4,  15,  0,  0,  1,  0,  1,  0, /**/ 4,  15,  0,  4,  1,  0,  1,  0 }
		"ET" => {  /*h*/ 4,  0,  0,  0,  0,  0,  0,  "", /**/ "",  "",  "",  "",  0,  0,  2,  0, /**/ 0,  0,  0,  0,  0,  0,  0,  0, /*d*/ 4,  25,  0,  1,  1,  0,  1,  0, /**/ 4,  25,  0,  0,  1,  0,  1,  0 }
		"ET3/4" => {  /*h*/ 4,  0,  0,  0,  0,  0,  0,  "", /**/ "",  "",  "",  "",  0,  0,  1.5,  0, /**/ 0,  0,  0,  0,  0,  0,  0,  0, /*d*/ 4,  20,  0,  1,  1,  0,  1,  0, /**/ 4,  20,  0,  0,  1,  0,  1,  0 }
		"V" => {  /*h*/ 6,  0.5,  0,  0.5,  1,  3,  0,  "", /**/ "",  "",  "",  "",  0,  0,  0,  0, /**/ 0,  0,  0,  0,  0,  0,  0,  0, /*d*/ 0.25,  16.75,  0.5,  1,  1,  0,  0,  0.5, /**/ 2.25,  19.5,  0.6,  2,  1,  0,  0,  0, /**/ 6,  20,  0,  98,  0,  0,  0,  0.5, /**/ 2.25,  19.5,  0.6,  0,  1.5,  0,  0,  0.5, /**/ 0.25,  16.75,  0.5,  0,  2.5,  0,  0,  0.5, /**/ -0.75,  14,  0.5,  0,  3,  0,  0,  0.5, /**/ -1.5,  9.75,  0.5,  0,  3,  0,  0,  0.5, /**/ -0.5,  4.5,  0.5,  0,  3,  0,  0,  0.5, /**/ 1,  2,  0.5,  0,  2.5,  0,  0,  0.5, /**/ 3.5,  0.25,  0.5,  4,  1.5,  0,  0,  0.5, /**/ 5,  0,  0.5,  0,  1.5,  0,  2,  0.5, /**/ 7,  0.5,  0.5,  0,  1,  0,  1,  0.5 }
		"W" => {  /*h*/ 6,  0.5,  0,  0.5,  2,  5,  0,  "", /**/ "",  "",  "",  "",  0,  0,  0,  0, /**/ 0,  0,  0,  0,  0,  0,  0,  0, /*d*/ 1.5,  8.5,  0.5,  1,  1,  0,  0,  0.5, /**/ 2.25,  9.25,  0.5,  2,  1.5,  0,  0,  0.5, /**/ 5,  10,  0.5,  98,  1.5,  0,  0,  0.5, /**/ 2.25,  9.25,  0.5,  0,  1.5,  0,  0,  0.5, /**/ 1.5,  8.5,  0.5,  0,  2.5,  0,  0,  0.5, /**/ 0,  6,  0.5,  0,  3,  0,  0,  0.5, /**/ 0.5,  2,  0.5,  0,  3,  0,  0,  0.5, /**/ 3,  0,  0.5,  4,  1.5,  0,  0,  0.5, /**/ 3.5,  0,  0.5,  0,  1.5,  0,  2,  0.5, /**/ 6,  2,  0.5,  0,  1,  0,  1,  0.5 }
		"X" => {  /*h*/ 5,  0.5,  0,  0.5,  0.5,  0.5,  0,  "", /**/ "",  "",  "",  "",  0,  0,  0,  0, /**/ 0,  0,  0,  0,  0,  0,  0,  0, /*d*/ 0,  5,  0,  1,  1.5,  0,  0,  0.5, /**/ 4.25,  7.5,  0.5,  2,  2,  0,  0,  0.5, /**/ 5,  9,  0.5,  0,  2.5,  0,  0,  0.5, /**/ 3.75,  10,  0.5,  0,  3,  0,  0,  0.5, /**/ 1.75,  7.75,  0.5,  0,  3,  0,  0,  0.5, /**/ 0,  5,  0.5,  0,  3,  0,  0,  0, /**/ 5,  0,  0,  0,  1,  0,  1,  0 }
		"Y" => {  /*h*/ 10,  0.5,  0,  0,  2,  0,  0,  "", /**/ "",  "",  "",  "",  0,  0,  0,  0, /**/ 0,  0,  0,  0,  0,  0,  0,  0, /*d*/ 0,  10,  0,  1,  3,  0,  0,  0, /**/ 10,  0,  0,  0,  1,  0,  1,  0 }
		"Z" => {  /*h*/ 6,  1,  -1,  0,  2,  2,  0,  "", /**/ "",  "",  "",  "",  0,  0,  0,  0, /**/ 0,  0,  0,  0,  0,  0,  0,  0, /*d*/ 5,  10,  0,  1,  3,  0,  0,  0, /**/ 5,  -5,  0.5,  0,  2.5,  0,  0,  0.5, /**/ 4.25,  -9,  0.5,  0,  2.5,  0,  0,  0.5, /**/ 3,  -10,  0.5,  0,  2,  0,  0,  0.5, /**/ 1.5,  -9,  0.5,  0,  1.5,  0,  99,  0.5, /**/ 0,  -7,  0.5,  0,  1,  0,  0,  0.5, /**/ 5,  2.5,  0.5,  4,  1,  0,  0,  0.5, /**/ 5,  0,  0.5,  0,  1,  0,  1,  0.5 }
		"&E" => {  /*h*/ 3,  0.5,  0,  0,  0,  2,  0,  "", /**/ "",  "",  "",  "",  0,  0,  0,  0, /**/ 0,  0,  0,  0,  0,  0,  0,  0, /*d*/ 0,  5,  0,  1,  3,  0,  0,  0, /**/ 0,  1.5,  0.5,  0,  2.5,  0,  0,  0.5, /**/ 2,  0,  0.5,  0,  1.2,  0,  2,  0.5, /**/ 3,  0,  0.5,  0,  1,  0,  1,  0.5 }
		"&A" => {  /*h*/ 0,  0.5,  0,  0,  0,  2,  0,  "", /**/ "",  "",  "",  "",  0,  0,  0,  0, /**/ 0,  0,  0,  0,  0,  0,  0,  0, /*d*/ 0,  5,  0,  1,  3,  0,  0,  0, /**/ 0,  0,  0,  0,  1,  0,  1,  0 }
		"&U" => {  /*h*/ 5,  0.5,  0,  0,  0,  2,  0,  "", /**/ "",  "",  "",  "",  0,  0,  0,  0, /**/ 0,  0,  0,  0,  0,  0,  0,  0, /*d*/ 0,  5,  0,  1,  3,  0,  0,  0, /**/ 5,  0,  0,  0,  1,  0,  1,  0 }
		"&O" => {  /*h*/ 6.75,  0.5,  0,  0.5,  2,  2,  0,  "", /**/ "",  "",  "",  "",  0,  0,  0,  0, /**/ 0,  0,  0,  0,  0,  0,  0,  0, /*d*/ 0,  5,  0,  1,  1.5,  0,  0,  0.5, /**/ 0.75,  3,  0.5,  0,  3,  0,  0,  0.5, /**/ 6,  2.5,  0.5,  0,  1.5,  0,  0,  0.5, /**/ 6.75,  0,  0.5,  0,  1,  0,  1,  0 }
		"&I" => {  /*h*/ 2,  0.5,  0,  0.5,  0,  0,  0,  "", /**/ "",  "",  "",  "",  1,  0,  0,  0, /**/ 0,  0,  0,  0,  0,  0,  0,  0, /*d*/ 0.5,  1,  0.5,  1,  2,  0,  0,  0.5, /**/ 1,  0.5,  0.5,  0,  2,  0,  0,  0.5, /**/ 0.5,  0,  0.5,  0,  1,  0,  0,  0.5, /**/ 0,  0.5,  0.5,  0,  1,  0,  0,  0, /**/ 0.5,  1,  0.5,  0,  1,  0,  0,  0.5, /**/ 0.5,  1,  0.5,  0,  1,  0,  1,  0.5 }
		"-E" => {  /*h*/ 1.25,  0.5,  0,  0,  4,  1,  0,  "", /**/ "",  "",  "",  "",  0,  0,  0,  0, /**/ 0,  1,  0,  0,  0,  0,  0,  0, /*d*/ -2,  5,  0,  1,  3,  0,  0,  0 }
		"-A" => {  /*h*/ 0,  0.5,  0,  0.5,  0,  2,  0,  "", /**/ "",  "",  "",  "",  0,  0,  0,  0, /**/ 0,  0,  0,  0,  0,  0,  0,  0, /*d*/ 0,  5,  0,  1,  3,  0,  0,  0, /**/ 0,  0,  0,  0,  1,  0,  1,  0 }
		"-U" => {  /*h*/ 5,  0.5,  0,  0.5,  0,  0,  0,  "", /**/ "",  "",  "",  "",  0,  0,  0,  0, /**/ 0,  0,  0,  0,  0,  0,  0,  0, /*d*/ 0,  5,  0,  1,  3,  0,  0,  0, /**/ 5,  0,  0,  0,  1,  0,  1,  0 }
		"-O" => {  /*h*/ 6.75,  0.5,  0,  0.5,  0,  0,  0,  "", /**/ "",  "",  "",  "",  0,  0,  0,  0, /**/ 0,  0,  0,  0,  0,  0,  0,  0, /*d*/ 0,  5,  0,  1,  1.5,  0,  0,  0.5, /**/ 0.75,  3,  0.5,  0,  3,  0,  0,  0.5, /**/ 6,  2.5,  0.5,  0,  1.5,  0,  0,  0.5, /**/ 6.75,  0,  0.5,  0,  1,  0,  1,  0 }
		"-I" => {  /*h*/ 3,  0.5,  0,  0.5,  3,  2,  0,  "", /**/ "",  "",  "",  "",  0,  0,  0,  0, /**/ 0,  0,  0,  0,  0,  0,  0,  0, /*d*/ 0,  1,  0.5,  1,  1,  0,  0,  0.5, /**/ 1,  2,  0.5,  0,  1,  0,  0,  0.5, /**/ 2,  1,  0.5,  0,  1,  0,  0,  0.5, /**/ 1,  0,  0.5,  0,  1,  0,  0,  0, /**/ 0,  1,  0.5,  0,  1,  0,  0,  0.5, /**/ 1,  2,  0.5,  0,  1,  0,  1,  0.5 }
		"/I" => {  /*h*/ 1.25,  0.5,  0,  0.5,  1,  1,  0,  "", /**/ "",  "",  "",  "",  0,  0,  0,  0, /**/ 0,  0,  0,  0,  0,  0,  0,  0, /*d*/ 0,  10,  0,  1,  1,  0,  0,  0 }
		"0-" => {  /*h*/ 0,  0,  0,  0,  0,  0,  0,  "", /**/ "",  "",  "",  "",  0,  0,  0,  0, /**/ 0,  0,  0,  0,  0,  0,  0,  0, /*d*/ 0,  0,  0,  1,  1,  0,  0,  0, /**/ 0,  0,  0,  0,  1,  0,  1,  0.5 }
		"0N-" => {  /*h*/ 1,  0,  0,  0,  0,  0,  0,  "", /**/ "",  "",  "",  "",  0,  0,  0,  0, /**/ 0,  0,  0,  0,  0,  0,  0,  0, /*d*/ 0,  0,  0,  1,  1,  5,  0,  0, /**/ 0,  0,  0,  0,  1,  0,  1,  0.5 }
		"0D-" => {  /*h*/ 3,  0,  -0.5,  0,  0,  0,  1,  "", /**/ "",  "",  "",  "",  0,  0,  0,  0, /**/ 0,  0,  0,  0,  0,  0,  0,  0, /*d*/ 0,  0,  0,  1,  1,  0,  0,  0, /**/ 0,  0,  0,  0,  1,  0,  1,  0.5 }
		"0U-" => {  /*h*/ 5,  0,  0,  0,  0,  0,  1,  "", /**/ "",  "",  "",  "",  0,  0.5,  0,  0, /**/ 0,  0,  0,  0,  0,  0,  0,  0, /*d*/ 0,  0,  0,  1,  1,  0,  0,  0, /**/ 0,  0,  0,  0,  1,  0,  1,  0.5 }
		"PSPACE" => {  /*h*/ 2,  0,  0,  0,  0,  0,  0,  "", /**/ "",  "",  "",  "",  0,  0,  0,  0, /**/ 0,  0,  0,  0,  0,  0,  0,  0, /*d*/ 0,  0,  0,  1,  1,  5,  0,  0, /**/ 2,  0,  0,  0,  1,  5,  2,  0 }
		"~~" => {  /*h*/ 12.5,  0,  0,  0.5,  0,  0,  0,  "", /**/ "",  "",  "",  "",  0,  0,  0,  0, /**/ 0,  0,  1,  0,  0,  0,  0,  0, /*d*/ 0,  10,  0,  1,  1,  5,  0,  0.5, /**/ 2.5,  11,  0,  0,  1,  0,  0,  0.5, /**/ 5,  9,  0,  0,  1,  0,  0,  0.5, /**/ 7.5,  11,  0,  0,  1,  0,  0,  0.5, /**/ 10,  9,  0,  0,  1,  0,  0,  0.5, /**/ 12.5,  10,  0,  0,  1,  0,  1,  0.5 }
		"." => {  /*h*/ 2,  0,  0,  0,  4,  0,  0,  "", /**/ "",  "",  "",  "",  0,  0,  0,  0, /**/ 0,  0,  1,  0,  0,  0,  0,  0, /*d*/ 0.5,  0,  0,  1,  1,  5,  0,  0, /**/ 1,  0.5,  0,  0,  1,  0,  1,  0.5, /**/ 0.5,  1,  0,  0,  1,  0,  1,  0.5, /**/ 0,  0.5,  0,  0,  1,  0,  1,  0.5, /**/ 0.5,  0,  0,  0,  1,  0,  1,  0.5 }
		"," => {  /*h*/ 3,  0,  0,  0,  0,  0,  0,  "", /**/ "",  "",  "",  "",  0,  0,  0,  0, /**/ 0,  0,  1,  0,  0,  0,  0,  0, /*d*/ 2,  -2,  0,  1,  1,  5,  0,  0, /**/ 3,  1,  0,  0,  1,  0,  1,  0.5 }
		";" => {  /*h*/ 3,  0,  0,  0,  0,  0,  0,  "", /**/ "",  "",  "",  "",  0,  0,  0,  0, /**/ 0,  0,  1,  0,  0,  0,  0,  0, /*d*/ 2.5,  4.5,  0,  1,  1,  5,  0,  0, /**/ 3,  5,  0,  0,  1,  0,  1,  0.5, /**/ 2.5,  5.5,  0,  0,  1,  0,  1,  0.5, /**/ 2,  5,  0,  0,  1,  0,  1,  0.5, /**/ 2.5,  4.5,  0,  0,  1,  0,  1,  0.5, /**/ 3,  1,  0,  1,  1,  5,  0,  0, /**/ 2,  -2,  0,  0,  1,  0,  1,  0.5 }
		":" => {  /*h*/ 3,  0,  0,  0,  0,  0,  0,  "", /**/ "",  "",  "",  "",  0,  0,  0,  0, /**/ 0,  0,  1,  0,  0,  0,  0,  0, /*d*/ 0.5,  4.5,  0,  1,  1,  5,  0,  0, /**/ 1,  5,  0,  0,  1,  0,  1,  0.5, /**/ 0.5,  5.5,  0,  0,  1,  0,  1,  0.5, /**/ 0,  5,  0,  0,  1,  0,  1,  0.5, /**/ 0.5,  4.5,  0,  0,  1,  0,  1,  0.5, /**/ 0.5,  0,  0,  1,  1,  5,  0,  0, /**/ 1,  0.5,  0,  0,  1,  0,  1,  0.5, /**/ 0.5,  1,  0,  0,  1,  0,  1,  0.5, /**/ 0,  0.5,  0,  0,  1,  0,  1,  0.5, /**/ 0.5,  0,  0,  0,  1,  0,  1,  0.5 }
		"!" => {  /*h*/ 2,  0,  0,  0,  4,  0,  0,  "", /**/ "",  "",  "",  "",  0,  0,  0,  0, /**/ 0,  0,  1,  0,  0,  0,  0,  0, /*d*/ 0.5,  20,  0,  1,  1,  5,  0,  0, /**/ 0.5,  5,  0,  1,  1,  0,  0,  0, /**/ 0.5,  0,  0,  1,  1,  5,  0,  0, /**/ 1,  0.5,  0,  0,  1,  0,  1,  0.5, /**/ 0.5,  1,  0,  0,  1,  0,  1,  0.5, /**/ 0,  0.5,  0,  0,  1,  0,  1,  0.5, /**/ 0.5,  0,  0,  0,  1,  0,  1,  0.5 }
		"?" => {  /*h*/ 5,  0,  0,  0,  4,  0,  0,  "", /**/ "",  "",  "",  "",  0,  0,  0,  0, /**/ 0,  0,  1,  0,  0,  0,  0,  0, /*d*/ 0,  15,  0,  0,  1,  5,  0,  0.5, /**/ 1.25,  19,  0.5,  0,  1,  0,  0,  0.5, /**/ 2.5,  20,  0.5,  0,  1,  0,  0,  0.5, /**/ 3.75,  19,  0.5,  0,  1,  0,  0,  0.5, /**/ 5,  15,  0.5,  0,  1,  0,  0,  0.5, /**/ 5,  13,  0.5,  0,  1,  0,  0,  0.5, /**/ 2.5,  10,  0.5,  0,  1,  0,  0,  0.5, /**/ 2.5,  5,  0.5,  0,  1,  0,  0,  0, /**/ 2.5,  0,  0,  1,  1,  5,  0,  0, /**/ 3,  0.5,  0,  0,  1,  0,  1,  0.5, /**/ 2.5,  1,  0,  0,  1,  0,  1,  0.5, /**/ 2,  0.5,  0,  0,  1,  0,  1,  0.5, /**/ 2.5,  0,  0,  0,  1,  0,  1,  0.5 }
		"-" => {  /*h*/ 5,  0,  0,  0,  0,  0,  0,  "", /**/ "",  "",  "",  "",  0,  0,  0,  0, /**/ 0,  0,  1,  0,  0,  0,  0,  0, /*d*/ 0,  11,  0,  1,  1,  5,  0,  0.5, /**/ 5,  11,  0,  0,  1,  0,  0,  0.5, /**/ 0,  9,  0,  0,  1,  5,  0,  0.5, /**/ 5,  9,  0,  0,  1,  0,  1,  0.5 }
		"'" => {  /*h*/ 1,  0,  0,  0,  0,  0,  0,  "", /**/ "",  "",  "",  "",  0,  0,  0,  0, /**/ 0,  0,  1,  0,  0,  0,  0,  0, /*d*/ 0,  14,  0,  1,  1,  5,  0,  0.5, /**/ 1,  15,  0,  0,  1,  0,  0,  0.5, /**/ 1,  18,  0,  0,  1,  0,  0,  0.5 }
		""" => {  /*h*/ 3,  0,  0,  0,  0,  0,  0,  "", /**/ "",  "",  "",  "",  0,  0,  0,  0, /**/ 0,  0,  1,  0,  0,  0,  0,  0, /*d*/ 0,  14,  0,  1,  1,  5,  0,  0.5, /**/ 1,  15,  0,  0,  1,  0,  0,  0.5, /**/ 1,  18,  0,  0,  1,  0,  0,  0.5, /**/ 2,  14,  0,  1,  1,  5,  0,  0.5, /**/ 3,  15,  0,  0,  1,  0,  0,  0.5, /**/ 3,  18,  0,  0,  1,  0,  0,  0.5 }
		"/" => {  /*h*/ 6,  0,  0,  0,  0,  0,  0,  "", /**/ "",  "",  "",  "",  0,  0,  0,  0, /**/ 0,  0,  1,  0,  0,  0,  0,  0, /*d*/ 0,  1,  0,  1,  1,  5,  0,  0, /**/ 6,  19,  0,  0,  1,  0,  1,  0.5 }
		"#Q#" => {  /*h*/ 3,  0,  0,  0,  0,  0,  0,  "", /**/ "",  "",  "",  "",  0,  0,  0,  0, /**/ 0,  0,  1,  0,  0,  0,  0,  0, /*d*/ 0,  14,  0,  1,  1,  5,  0,  0.5, /**/ 1,  15,  0,  0,  1,  0,  0,  0.5, /**/ 1,  18,  0,  0,  1,  0,  0,  0.5, /**/ 2,  14,  0,  1,  1,  5,  0,  0.5, /**/ 3,  15,  0,  0,  1,  0,  0,  0.5, /**/ 3,  18,  0,  0,  1,  0,  0,  0.5 }
		"(" => {  /*h*/ 5,  0,  0,  0,  0,  0,  0,  "", /**/ "",  "",  "",  "",  0,  0,  0,  0, /**/ 0,  0,  1,  0,  0,  0,  0,  0, /*d*/ 5,  21,  0,  1,  1,  5,  0,  0.5, /**/ 0,  11,  0,  0,  1,  0,  0,  0.5, /**/ 5,  1,  0,  0,  1,  0,  0,  0.5 }
		")" => {  /*h*/ 5,  0,  0,  0,  0,  0,  0,  "", /**/ "",  "",  "",  "",  0,  0,  0,  0, /**/ 0,  0,  1,  0,  0,  0,  0,  0, /*d*/ 0,  21,  0,  1,  1,  5,  0,  0.5, /**/ 5,  11,  0,  0,  1,  0,  0,  0.5, /**/ 0,  1,  0,  0,  1,  0,  0,  0.5 }
		"A" => {  /*h*/ 0,  0,  0,  0,  0,  0,  0,  "", /**/ "",  "",  "",  "",  2,  0,  0,  0, /**/ 0,  0,  0,  "no",  "narrow",  "yes",  0,  0 }
		"#0" => {  /*h*/ 0,  0,  0,  0,  0,  0,  0,  "", /**/ "",  "",  "",  "",  2,  0,  0,  0, /**/ 0,  0,  0,  "no",  "none",  "no",  0,  0 }
		"#0S" => {  /*h*/ 0,  0,  0,  0,  0,  0,  0,  "", /**/ "",  "",  "",  "",  2,  0,  0,  0, /**/ 0,  0,  0,  "no",  "none",  "yes",  0,  0 }
		"#N" => {  /*h*/ 0,  0,  0,  0,  0,  0,  0,  "", /**/ "",  "",  "",  "",  2,  0,  0,  0, /**/ 0,  0,  0,  "no",  "narrow",  "no",  0,  0 }
		"#W" => {  /*h*/ 0,  0,  0,  0,  0,  0,  0,  "", /**/ "",  "",  "",  "",  2,  0,  0,  0, /**/ 0,  0,  0,  "no",  "wide",  "no",  0,  0 }
		"#NS" => {  /*h*/ 0,  0,  0,  0,  0,  0,  0,  "", /**/ "",  "",  "",  "",  2,  0,  0,  0, /**/ 0,  0,  0,  "no",  "narrow",  "yes",  0,  0 }
		"#WS" => {  /*h*/ 0,  0,  0,  0,  0,  0,  0,  "", /**/ "",  "",  "",  "",  2,  0,  0,  0, /**/ 0,  0,  0,  "no",  "wide",  "yes",  0,  0 }
		"#NDS" => {  /*h*/ 0,  0,  0,  0,  0,  0,  0,  "", /**/ "",  "",  "",  "",  2,  0,  0,  0, /**/ 0,  0,  0,  "down",  "narrow",  "yes",  0,  0 }
		"#WDS" => {  /*h*/ 0,  0,  0,  0,  0,  0,  0,  "", /**/ "",  "",  "",  "",  2,  0,  0,  0, /**/ 0,  0,  0,  "down",  "wide",  "yes",  0,  0 }
		"#WD" => {  /*h*/ 0,  0,  0,  0,  0,  0,  0,  "", /**/ "",  "",  "",  "",  2,  0,  0,  0, /**/ 0,  0,  0,  "down",  "wide",  "no",  0,  0 }
		"#WU" => {  /*h*/ 0,  0,  0,  0,  0,  0,  0,  "", /**/ "",  "",  "",  "",  2,  0,  0,  0, /**/ 0,  0,  0,  "up",  "wide",  "no",  0,  0 }
		"#WUS" => {  /*h*/ 0,  0,  0,  0,  0,  0,  0,  "", /**/ "",  "",  "",  "",  2,  0,  0,  0, /**/ 0,  0,  0,  "up",  "wide",  "yes",  0,  0 }
		"E" => {  /*h*/ 0,  0,  0,  0,  0,  0,  0,  "", /**/ "",  "",  "",  "",  2,  0,  0,  0, /**/ 0,  0,  0,  "no",  "wide",  "no",  0,  0 }
		"I" => {  /*h*/ 0,  0,  0,  0,  0,  0,  0,  "", /**/ "",  "",  "",  "",  2,  0,  0,  0, /**/ 0,  0,  0,  "up",  "narrow",  "no",  0,  0 }
		"O" => {  /*h*/ 0,  0,  0,  0,  0,  0,  0,  "", /**/ "",  "",  "",  "",  2,  0,  0,  0, /**/ 0,  0,  0,  "down",  "narrow",  "no",  0,  0 }
		"U" => {  /*h*/ 0,  0,  0,  0,  0,  0,  0,  "", /**/ "",  "",  "",  "",  2,  0,  0,  0, /**/ 0,  0,  0,  "down",  "narrow",  "yes",  0,  0 }
		"Ä" => {  /*h*/ 0,  0,  0,  0,  0,  0,  0,  "", /**/ "",  "",  "",  "",  2,  0,  0,  0, /**/ 0,  0,  0,  "no",  "wide",  "yes",  0,  0 }
		"Ö" => {  /*h*/ 0,  0,  0,  0,  0,  0,  0,  "", /**/ "",  "",  "",  "",  2,  0,  0,  0, /**/ 0,  0,  0,  "down",  "wide",  "no",  0,  0 }
		"Ü" => {  /*h*/ 0,  0,  0,  0,  0,  0,  0,  "", /**/ "",  "",  "",  "",  2,  0,  0,  0, /**/ 0,  0,  0,  "down",  "wide",  "yes",  0,  0 }
		"EU" => {  /*h*/ 0,  0,  0,  0,  0,  0,  0,  "", /**/ "",  "",  "",  "",  2,  0,  0,  0, /**/ 0,  0,  0,  "up",  "wide",  "yes",  0,  0 }
		"AU" => {  /*h*/ 0,  0,  0,  0,  0,  0,  0,  "", /**/ "",  "",  "",  "",  2,  0,  0,  0, /**/ 0,  0,  0,  "up",  "narrow",  "yes",  0,  0 }
		"EI" => {  /*h*/ 0,  0,  0,  0,  0,  0,  0,  "", /**/ "",  "",  "",  "",  2,  0,  0,  0, /**/ 0,  0,  0,  "up",  "wide",  "no",  0,  0 }
		"0" => {  /*h*/ 7,  0,  0,  0,  4,  0,  0,  "", /**/ "",  "",  "",  "",  0,  0,  0,  0, /**/ 0,  0,  1,  0,  0,  0,  0,  0, /*d*/ 3.5,  1,  0,  0,  1,  5,  0,  0.5, /**/ 6,  2.5,  0.5,  0,  1,  0,  0,  0.5, /**/ 7,  10,  0.5,  0,  1,  0,  0,  0.5, /**/ 6,  17.5,  0.5,  0,  1,  0,  0,  0.5, /**/ 3.5,  19,  0.5,  0,  1,  0,  0,  0.5, /**/ 1,  17.5,  0.5,  0,  1,  0,  0,  0.5, /**/ 0,  10,  0.5,  0,  1,  0,  0,  0.5, /**/ 1,  2.5,  0.5,  0,  1,  0,  0,  0, /**/ 3.5,  1,  0,  1,  1,  0,  0,  0, /**/ 6,  2.5,  0,  0,  1,  5,  1,  0.5 }
		"1" => {  /*h*/ 7,  0,  0,  0,  4,  0,  0,  "", /**/ "",  "",  "",  "",  0,  0,  0,  0, /**/ 0,  0,  1,  0,  0,  0,  1,  0, /*d*/ 0,  11,  0,  0,  1,  5,  0,  0, /**/ 7,  19,  0,  0,  1,  0,  0,  0, /**/ 7,  1,  0,  0,  1,  0,  0,  0 }
		"2" => {  /*h*/ 7,  0,  0,  0,  4,  0,  0,  "", /**/ "",  "",  "",  "",  0,  0,  0,  0, /**/ 0,  0,  1,  0,  0,  0,  0,  0, /*d*/ 0,  14,  0,  0,  1,  5,  0,  0.5, /**/ 1.25,  18,  0.5,  0,  1,  0,  0,  0.5, /**/ 3.5,  19,  0.5,  0,  1,  0,  0,  0.5, /**/ 5.75,  18,  0.5,  0,  1,  0,  0,  0.5, /**/ 7,  15,  0.5,  0,  1,  0,  0,  0, /**/ 0,  1,  0,  0,  1,  0,  0,  0.5, /**/ 7,  1,  0,  0,  1,  0,  0,  0 }
		"3" => {  /*h*/ 7,  0,  0,  0,  4,  0,  0,  "", /**/ "",  "",  "",  "",  0,  0,  0,  0, /**/ 0,  0,  1,  0,  0,  0,  0,  0, /*d*/ 0,  14,  0,  0,  1,  5,  0,  0.5, /**/ 1.25,  18,  0.5,  0,  1,  0,  0,  0.5, /**/ 3.5,  19,  0.5,  0,  1,  0,  0,  0.5, /**/ 5.75,  18,  0.5,  0,  1,  0,  0,  0.5, /**/ 7,  15,  0.5,  0,  1,  0,  0,  0, /**/ 3.5,  11,  0,  0,  1,  0,  0,  0.5, /**/ 7,  7,  0.5,  0,  1,  0,  0,  0.5, /**/ 6,  2.5,  0.5,  0,  1,  0,  0,  0, /**/ 3.5,  1,  0,  1,  1,  0,  0,  0, /**/ 0,  5,  0,  0,  1,  0,  1,  0 }
		"4" => {  /*h*/ 7,  0,  0,  0,  4,  0,  0,  "", /**/ "",  "",  "",  "",  0,  0,  0,  0, /**/ 0,  0,  1,  0,  0,  0,  0,  0, /*d*/ 3.5,  19,  0,  0,  1,  5,  0,  0, /**/ 0,  11,  0,  0,  1,  0,  0,  0.5, /**/ 7,  11,  0,  0,  1,  0,  0,  0, /**/ 5.5,  19,  0,  0,  1,  5,  0,  0, /**/ 5.5,  1,  0,  0,  1,  0,  0,  0 }
		"5" => {  /*h*/ 7,  0,  0,  0,  4,  0,  0,  "", /**/ "",  "",  "",  "",  0,  0,  0,  0, /**/ 0,  0,  1,  0,  0,  0,  0,  0, /*d*/ 7,  19,  0,  0,  1,  5,  0,  0, /**/ 0,  19,  0,  0,  1,  0,  0,  0, /**/ 0,  11,  0,  0,  1,  0,  0,  0.5, /**/ 6,  10,  0.5,  0,  1,  0,  0,  0.5, /**/ 7,  5,  0.5,  0,  1,  0,  0,  0.5, /**/ 3.5,  1,  0.5,  0,  1,  0,  0,  0.5, /**/ 0,  4,  0.5,  0,  1,  0,  0,  0 }
		"6" => {  /*h*/ 7,  0,  0,  0,  4,  0,  0,  "", /**/ "",  "",  "",  "",  0,  0,  0,  0, /**/ 0,  0,  1,  0,  0,  0,  0,  0, /*d*/ 7,  19,  0,  0,  1,  5,  0,  0.5, /**/ 1,  11,  0.5,  0,  1,  0,  0,  0.5, /**/ 0,  5,  0.5,  0,  1,  0,  0,  0.5, /**/ 1.5,  2,  0.5,  0,  1,  0,  0,  0.5, /**/ 3.5,  1,  0.5,  0,  1,  0,  0,  0.5, /**/ 6,  2,  0.5,  0,  1,  0,  0,  0.5, /**/ 7,  5,  0.5,  0,  1,  0,  0,  0.5, /**/ 3.5,  10,  0.5,  1,  1,  0,  0,  0.5, /**/ 0,  5,  0.5,  0,  1,  0,  1,  0.5 }
		"7" => {  /*h*/ 7,  0,  0,  0,  4,  0,  0,  "", /**/ "",  "",  "",  "",  0,  0,  0,  0, /**/ 0,  0,  1,  0,  0,  0,  0,  0, /*d*/ 0,  19,  0,  0,  1,  5,  0,  0, /**/ 7,  19,  0,  0,  1,  0,  0,  0, /**/ 3,  1,  0,  0,  1,  0,  0,  0, /**/ 3.5,  11,  0,  0,  1,  5,  0,  0, /**/ 6.5,  11,  0,  0,  1,  0,  0,  0 }
		"8" => {  /*h*/ 7,  0,  0,  0,  4,  0,  0,  "", /**/ "",  "",  "",  "",  0,  0,  0,  0, /**/ 0,  0,  1,  0,  0,  0,  0,  0, /*d*/ 3.5,  11,  0,  0,  1,  5,  0,  0.5, /**/ 7,  15,  0.5,  0,  1,  0,  0,  0.5, /**/ 3.5,  19,  0.5,  0,  1,  0,  0,  0.5, /**/ 0,  15,  0.5,  0,  1,  0,  0,  0.5, /**/ 3.5,  11,  0.5,  0,  1,  0,  0,  0.5, /**/ 7,  6,  0.5,  0,  1,  0,  0,  0.5, /**/ 3.5,  1,  0.5,  0,  1,  0,  0,  0.5, /**/ 0,  6,  0.5,  0,  1,  0,  0,  0, /**/ 3.5,  11,  0,  1,  1,  0,  0,  0 }
		"9" => {  /*h*/ 7,  0,  0,  0,  4,  0,  0,  "", /**/ "",  "",  "",  "",  0,  0,  0,  0, /**/ 0,  0,  1,  0,  0,  0,  0,  0, /*d*/ 7,  14,  0,  0,  1,  5,  0,  0.5, /**/ 3.5,  10,  0.5,  0,  1,  0,  0,  0.5, /**/ 0,  15,  0.5,  0,  1,  0,  0,  0.5, /**/ 3.5,  19,  0.5,  0,  1,  0,  0,  0.5, /**/ 7,  15,  0.5,  0,  1,  0,  0,  0.5, /**/ 6,  6,  0.5,  0,  1,  0,  0,  0.5, /**/ 3.5,  1,  0.5,  0,  1,  0,  0,  0 }
		"#A+" => {  /*h*/ 7,  0,  0,  0,  4,  0,  0,  "", /**/ "",  "",  "",  "",  0,  0,  0,  0, /**/ 0,  0,  1,  0,  0,  0,  0,  0, /*d*/ 0,  0,  0,  1,  1,  5,  0,  0, /**/ 3.5,  19,  0,  0,  1,  0,  0,  0, /**/ 7,  0,  0,  0,  1,  0,  0,  0, /**/ 1.75,  9.5,  0,  0,  1,  5,  0,  0, /**/ 5.25,  9.5,  0,  0,  1,  0,  1,  0 }
		"#A-" => {  /*h*/ 7,  0,  0,  0,  4,  0,  0,  "", /**/ "",  "",  "",  "",  0,  0,  0,  0, /**/ 0,  0,  1,  0,  0,  0,  0,  0, /*d*/ 5.25,  9,  0,  1,  1,  5,  0,  0.5, /**/ 4.5,  9.5,  0.5,  0,  1,  0,  0,  0.5, /**/ 0.5,  3.75,  0.5,  0,  1,  0,  0,  0.5, /**/ 0.5,  1,  0.5,  0,  1,  0,  0,  0.5, /**/ 1.5,  0,  0.5,  0,  1,  0,  0,  0, /**/ 5.25,  9,  0,  0,  1,  0,  0,  0.5, /**/ 5.25,  1,  0.5,  0,  1,  0,  0,  0, /**/ 6,  0,  0,  0,  1,  0,  1,  0 }
	#EndSubSection(base)
	#BeginSubSection(combiner)
		"D" => { "@R", 0, 0 }
		"ND" => { "@R", 0, 0 }
		"T" => { "@R", 0, 0 }
		"G" => { "@R", 0, 0 }
		"K" => { "@R", 0, 0 }
		"CH" => { "@R", 0, 0 }
		"NK" => { "@R", 0, 0 }
		"SCH" => { "@R", 0, 0 }
		"ST" => { "@R", 0, 0 }
		"L" => { "@L", 0, 0 }
		"B" => { "@L", 0, 0 }
		"G" => { "@L3", 0, 0 }
		"M" => { "@L", 0, 0 }
		"F" => { "@L", 0, 0 }
		"P" => { "@L", 0, 0 }
		"PF" => { "@L", 0, 0 }
		"V" => { "@L", 0, 0 }
		"SP" => { "@L", 0, 0 }
		"W" => { "@L", 0, 0 }
		"T" => { "@L3", 0, 0 }
		"NG" => { "@L3", 0, 0 }
		"D" => { "@L3", 0, 0 }
		"ND" => { "@L3", 0, 0 }
		"ST" => { "@L3", 0, 0 }
		"NK" => { "@L3", 0, 0 }
		"K" => { "@L3", 0, 0 }
		"Z" => { "@L3", 0, 0 }
		"SCH" => { "@L3", 0, 0 }
		"CH" => { "@L3", 0, 0 }
		"B" => { "@R6", 0, 0 }
		"SP" => { "@R6", 0, 0 }
		"F" => { "@R6", 0, 0 }
		"M" => { "@R6", 0, 0 }
		"P" => { "@R6", 0, 0 }
		"PF" => { "@R6", 0, 0 }
		"V" => { "@R6", 0, 0 }
		"W" => { "@R6", 0, 0 }
		"Z" => { "@R", 0, 0 }
		"Z" => { "@L3", 0, 0 }
		"DA" => { "@R", 0, 0 }
		"N" => { "@R6", 0, 0 }
		"N" => { "@L", 0, 0 }
		"VR" => { "@L", 0, 0.5 }
		"CK" => { "@L", 0, 0 }
		"L" => { "@R6", 0, 0 }
		"TT" => { "@R", 0, 0 }
	#EndSubSection(combiner)
	#BeginSubSection(shifter)
		"DEM" => { "^DEM", 0, 5, 0, 0 }
		"DEN" => { "^DEN", 0, 5, 0, 0 }
		"DEM" => { "^^DEM", 0, 10, 0, 0 }
		"DEN" => { "^^DEN", 0, 10, 0, 0 }
		"SEIN" => { "&EITES", 13, 10, 0, 1 }
		"SEIN" => { "&TES", 2, 10, 0, 1 }
		"B" => { "&TB", 4, 10, 0, 1 }
		"NG" => { "&TNG", 4, 10, 0, 1 }
		"NS" => { "&TNS", 4, 10, 0, 1 }
		"C" => { "&TC", 4, 10, 0, 1 }
		"D" => { "&TD", 4, 10, 0, 1 }
		"G" => { "&TG", 4, 10, 0, 1 }
		"H" => { "&TH", 4, 10, 0, 1 }
		"J" => { "&TJ", 4, 10, 0, 1 }
		"L" => { "&TL", 4, 10, 0, 1 }
		"@L3" => { "&T@L3", 4, 16.5, 0, 1.5 }
		"ALL" => { "&TALL", 4, 10, 0, 1 }
		"M" => { "&TM", 4, 10, 0, 1 }
		"W" => { "&TW", 4, 10, 0, 1 }
		"X" => { "&TX", 4, 10, 0, 1 }
		"Y" => { "&TY", 4, 10, 0, 1 }
		"&E" => { "&T&E", 4, 15, 0, 1.5 }
		"SCHAFT" => { "&TSCHAFT", 4, 15, 0, 1.5 }
		"ION" => { "&TION", 4, 10, 0, 1 }
		"N" => { "&TN", 4, 15, 0, 1.5 }
		"VR" => { "&TVR", 4, 15, 0, 1.5 }
		"AR5" => { "&TAR5", 4, 15, 0, 1.5 }
		"S" => { "&TS", 4, 15, 0, 1.5 }
		"&U" => { "&T&U", 4, 15, 0, 1.5 }
		"&O" => { "&T&O", 4, 15, 0, 1.5 }
		"&I" => { "&T&I", 4, 15, 0, 1.5 }
		"CH" => { "&TCH", 4, 20, 0, 1 }
		"SCH" => { "&T^SCH", 4, 20, 0, 1 }
		"^Z" => { "&T^Z", 4, 20, 0, 1 }
		"^CH" => { "&T^CH", 4, 20, 0, 1 }
		"^SCH" => { "&T^SCH", 4, 20, 0, 1 }
		"Z" => { "&TZ", 4, 20, 0, 1 }
		"F@L" => { "&TF@L", 4, 10, 0, 1 }
		"F" => { "&TF", 4, 10, 0, 1 }
		"HAFT" => { "&THAFT", 4, 10, 0, 1 }
		"K" => { "&TK", 4, 20, 0, 1 }
		"P" => { "&TP", 4, 20, 0, 1 }
		"Q" => { "&TQ", 4, 20, 0, 1 }
		"V" => { "&TV", 4, 20, 0, 1 }
		"NK" => { "&TK", 4, 20, 0, 1 }
		"PF" => { "&TPF", 4, 20, 0, 1 }
		"SP" => { "&TSP", 4, 20, 0, 1 }
		"ST" => { "&TST", 4, 10, 0, 1 }
		"SCHW" => { "&TSCHW", 4, 30, 0, 1 }
		"ZW" => { "&TZW", 4, 30, 0, 1 }
		"B" => { "&EITB", 18, 10, 0, 1 }
		"NG" => { "&EITNG", 18, 10, 0, 1 }
		"NS" => { "&EITNS", 18, 10, 0, 1 }
		"C" => { "&EITC", 18, 10, 0, 1 }
		"D" => { "&EITD", 18, 10, 0, 1 }
		"G" => { "&EITG", 18, 10, 0, 1 }
		"H" => { "&EITH", 18, 10, 0, 1 }
		"J" => { "&EITJ", 18, 10, 0, 1 }
		"L" => { "&EITL", 18, 10, 0, 1 }
		"@L3" => { "&EIT@L3", 18, 10, 0, 1 }
		"ALL" => { "&EITALL", 18, 10, 0, 1 }
		"M" => { "&EITM", 18, 10, 0, 1 }
		"W" => { "&EITW", 18, 10, 0, 1 }
		"X" => { "&EITX", 18, 10, 0, 1 }
		"Y" => { "&EITY", 18, 10, 0, 1 }
		"&E" => { "&EIT&E", 18, 15, 0, 1.5 }
		"SCHAFT" => { "&EITSCHAFT", 18, 15, 0, 1.5 }
		"N" => { "&EITN", 18, 15, 0, 1.5 }
		"VR" => { "&EITVR", 18, 15, 0, 1.5 }
		"S" => { "&EITS", 18, 15, 0, 1.5 }
		"U" => { "&EITU", 18, 15, 0, 1.5 }
		"&O" => { "&EIT&O", 18, 15, 0, 1.5 }
		"CH" => { "&EITCH", 18, 20, 0, 1 }
		"SCH" => { "&EITSCH", 18, 20, 0, 2 }
		"Z" => { "&EITZ", 18, 20, 0, 1 }
		"^Z" => { "&EIT^Z", 4, 20, 0, 1 }
		"^CH" => { "&EIT^CH", 4, 20, 0, 1 }
		"^SCH" => { "&EIT^SCH", 4, 20, 0, 1 }
		"F" => { "&EITF", 18, 10, 0, 1 }
		"K" => { "&EITK", 18, 20, 0, 1 }
		"P" => { "&EITP", 18, 20, 0, 1 }
		"Q" => { "&EITQ", 18, 20, 0, 1 }
		"V" => { "&EITV", 18, 20, 0, 1 }
		"NK" => { "&EITK", 18, 20, 0, 1 }
		"PF" => { "&EITPF", 18, 20, 0, 1 }
		"SP" => { "&EITSP", 18, 20, 0, 1 }
		"ST" => { "&EITST", 18, 10, 0, 1 }
		"SCHW" => { "&EITSCHW", 18, 30, 0, 1 }
		"ZW" => { "&EITZW", 18, 30, 0, 1 }
	#EndSubSection(shifter)
#EndSection(font)
